28712000	0	0	0	0	0	0	0	0	0	0	0	0
28716000	0	0	0	0	0	0	0	0	0	0	0	0
28720000	0	0	0	0	0	0	0	0	0	0	0	0
28724000	0	0	0	0	0	0	0	0	0	0	0	0
28728000	0	0	0	0	0	0	0	0	0	0	0	0
28732000	0	0	0	0	0	0	0	0	0	0	0	0
28736000	0	0	0	0	0	0	0	0	0	0	0	0
28740000	0	0	0	0	0	0	0	0	0	0	0	0
28747000	0	0	0	0	0	0	0	0	0	0	0	0
28752000	0	0	0	0	0	0	0	0	0	0	0	0
28770000	0	0	0	0	0	0	0	0	0	0	0	0
28776000	0	0	0	0	0	0	0	0	0	0	0	0
28780000	0	0	0	0	0	0	0	0	0	0	0	0
28784000	0	0	0	0	0	0	0	0	0	0	0	0
28789000	0	0	0	0	0	0	0	0	0	0	0	0
28792000	0	0	0	0	0	0	0	0	0	0	0	0
28796000	0	0	0	0	0	0	0	0	0	0	0	0
28800000	0	0	0	0	0	0	0	0	0	0	0	0
28804000	0	0	0	0	0	0	0	0	0	0	0	0
28808000	0	0	0	0	0	0	0	0	0	0	0	0
28812000	0	0	0	0	0	0	0	0	0	0	0	0
28816000	0	0	0	0	0	0	0	0	0	0	0	0
28820000	0	0	0	0	0	0	0	0	0	0	0	0
28824000	0	0	0	0	0	0	0	0	0	0	0	0
28828000	0	0	0	0	0	0	0	0	0	0	0	0
28832000	0	0	0	0	0	0	0	0	0	0	0	0
28836000	0	0	0	0	0	0	0	0	0	0	0	0
28840000	0	0	0	0	0	0	0	0	0	0	0	0
28846000	0	0	0	0	0	0	0	0	0	0	0	0
28852000	0	0	0	0	0	0	0	0	0	0	0	0
28856000	0	0	0	0	0	0	0	0	0	0	0	0
28864000	0	0	0	0	0	0	0	0	0	0	0	0
28868000	0	0	0	0	0	0	0	0	0	0	0	0
28872000	0	0	0	0	0	0	0	0	0	0	0	0
28876000	0	0	0	0	0	0	0	0	0	0	0	0
28880000	0	0	0	0	0	0	0	0	0	0	0	0
28884000	0	0	0	0	0	0	0	0	0	0	0	0
28888000	0	0	0	0	0	0	0	0	0	0	0	0
28892000	0	0	0	0	0	0	0	0	0	0	0	0
28896000	0	0	0	0	0	0	0	0	0	0	0	0
28900000	0	0	0	0	0	0	0	0	0	0	0	0
28904000	0	0	0	0	0	0	0	0	0	0	0	0
28908000	0	0	0	0	0	0	0	0	0	0	0	0
28912000	0	0	0	0	0	0	0	0	0	0	0	0
28916000	0	0	0	0	0	0	0	0	0	0	0	0
28920000	0	0	0	0	0	0	0	0	0	0	0	0
28924000	0	0	0	0	0	0	0	0	0	0	0	0
28928000	0	0	0	0	0	0	0	0	0	0	0	0
28932000	0	0	0	0	0	0	0	0	0	0	0	0
28936000	0	0	0	0	0	0	0	0	0	0	0	0
28940000	0	0	0	0	0	0	0	0	0	0	0	0
28944000	0	0	0	0	0	0	0	0	0	0	0	0
28948000	0	0	0	0	0	0	0	0	0	0	0	0
28952000	0	0	0	0	0	0	0	0	0	0	0	0
28956000	0	0	0	0	0	0	0	0	0	0	0	0
28960000	0	0	0	0	0	0	0	0	0	0	0	0
28964000	0	0	0	0	0	0	0	0	0	0	0	0
28968000	0	0	0	0	0	0	0	0	0	0	0	0
28972000	0	0	0	0	0	0	0	0	0	0	0	0
28976000	0	0	0	0	0	0	0	0	0	0	0	0
28980000	0	0	0	0	0	0	0	0	0	0	0	0
28984000	0	0	0	0	0	0	0	0	0	0	0	0
28988000	0	0	0	0	0	0	0	0	0	0	0	0
28992000	0	0	0	0	0	0	0	0	0	0	0	0
28996000	0	0	0	0	0	0	0	0	0	0	0	0
29000000	0	0	0	0	0	0	0	0	0	0	0	0
29004000	0	0	0	0	0	0	0	0	0	0	0	0
29009000	0	0	0	0	0	0	0	0	0	0	0	0
29012000	0	0	0	0	0	0	0	0	0	0	0	0
29016000	0	0	0	0	0	0	0	0	0	0	0	0
29020000	0	0	0	0	0	0	0	0	0	0	0	0
29024000	0	0	0	0	0	0	0	0	0	0	0	0
29028000	0	0	0	0	0	0	0	0	0	0	0	0
29032000	0	0	0	0	0	0	0	0	0	0	0	0
29036000	0	0	0	0	0	0	0	0	0	0	0	0
29040000	0	0	0	0	0	0	0	0	0	0	0	0
29044000	0	0	0	0	0	0	0	0	0	0	0	0
29048000	0	0	0	0	0	0	0	0	0	0	0	0
29052000	0	0	0	0	0	0	0	0	0	0	0	0
29056000	0	0	0	0	0	0	0	0	0	0	0	0
29060000	0	0	0	0	0	0	0	0	0	0	0	0
29064000	0	0	0	0	0	0	0	0	0	0	0	0
29068000	0	0	0	0	0	0	0	0	0	0	0	0
29072000	0	0	0	0	0	0	0	0	0	0	0	0
29076000	0	0	0	0	0	0	0	0	0	0	0	0
29080000	0	0	0	0	0	0	0	0	0	0	0	0
29084000	0	0	0	0	0	0	0	0	0	0	0	0
29088000	0	0	0	0	0	0	0	0	0	0	0	0
29092000	0	0	0	0	0	0	0	0	0	0	0	0
29096000	0	0	0	0	0	0	0	0	0	0	0	0
29100000	0	0	0	0	0	0	0	0	0	0	0	0
29104000	0	0	0	0	0	0	0	0	0	0	0	0
29108000	0	0	0	0	0	0	0	0	0	0	0	0
29112000	0	0	0	0	0	0	0	0	0	0	0	0
29116000	0	0	0	0	0	0	0	0	0	0	0	0
29120000	0	0	0	0	0	0	0	0	0	0	0	0
29124000	0	0	0	0	0	0	0	0	0	0	0	0
29128000	0	0	0	0	0	0	0	0	0	0	0	0
29132000	0	0	0	0	0	0	0	0	0	0	0	0
29136000	0	0	0	0	0	0	0	0	0	0	0	0
29140000	0	0	0	0	0	0	0	0	0	0	0	0
29144000	0	0	0	0	0	0	0	0	0	0	0	0
29148000	0	0	0	0	0	0	0	0	0	0	0	0
29152000	0	0	0	0	0	0	0	0	0	0	0	0
29156000	0	0	0	0	0	0	0	0	0	0	0	0
29160000	0	0	0	0	0	0	0	0	0	0	0	0
29164000	0	0	0	0	0	0	0	0	0	0	0	0
29168000	0	0	0	0	0	0	0	0	0	0	0	0
29172000	0	0	0	0	0	0	0	0	0	0	0	0
29176000	0	0	0	0	0	0	0	0	0	0	0	0
29180000	0	0	0	0	0	0	0	0	0	0	0	0
29184000	0	0	0	0	0	0	0	0	0	0	0	0
29188000	0	0	0	0	0	0	0	0	0	0	0	0
29192000	0	0	0	0	0	0	0	0	0	0	0	0
29196000	0	0	0	0	0	0	0	0	0	0	0	0
29200000	0	0	0	0	0	0	0	0	0	0	0	0
29204000	0	0	0	0	0	0	0	0	0	0	0	0
29208000	0	0	0	0	0	0	0	0	0	0	0	0
29212000	0	0	0	0	0	0	0	0	0	0	0	0
29216000	0	0	0	0	0	0	0	0	0	0	0	0
29220000	0	0	0	0	0	0	0	0	0	0	0	0
29224000	0	0	0	0	0	0	0	0	0	0	0	0
29228000	0	0	0	0	0	0	0	0	0	0	0	0
29232000	0	0	0	0	0	0	0	0	0	0	0	0
29236000	0	0	0	0	0	0	0	0	0	0	0	0
29240000	0	0	0	0	0	0	0	0	0	0	0	0
29244000	0	0	0	0	0	0	0	0	0	0	0	0
29248000	0	0	0	0	0	0	0	0	0	0	0	0
29252000	0	0	0	0	0	0	0	0	0	0	0	0
29256000	0	0	0	0	0	0	0	0	0	0	0	0
29260000	0	0	0	0	0	0	0	0	0	0	0	0
29264000	0	0	0	0	0	0	0	0	0	0	0	0
29268000	0	0	0	0	0	0	0	0	0	0	0	0
29272000	0	0	0	0	0	0	0	0	0	0	0	0
29281000	0	0	0	0	0	0	0	0	0	0	0	0
29285000	0	0	0	0	0	0	0	0	0	0	0	0
29288000	0	0	0	0	0	0	0	0	0	0	0	0
29292000	0	0	0	0	0	0	0	0	0	0	0	0
29296000	0	0	0	0	0	0	0	0	0	0	0	0
29300000	0	0	0	0	0	0	0	0	0	0	0	0
29304000	0	0	0	0	0	0	0	0	0	0	0	0
29308000	0	0	0	0	0	0	0	0	0	0	0	0
29312000	0	0	0	0	0	0	0	0	0	0	0	0
29316000	0	0	0	0	0	0	0	0	0	0	0	0
29322000	0	0	0	0	0	0	0	0	0	0	0	0
29328000	0	0	0	0	0	0	0	0	0	0	0	0
29332000	0	0	0	0	0	0	0	0	0	0	0	0
29336000	0	0	0	0	0	0	0	0	0	0	0	0
29340000	0	0	0	0	0	0	0	0	0	0	0	0
29344000	0	0	0	0	0	0	0	0	0	0	0	0
29348000	0	0	0	0	0	0	0	0	0	0	0	0
29352000	0	0	0	0	0	0	0	0	0	0	0	0
29356000	0	0	0	0	0	0	0	0	0	0	0	0
29360000	0	0	0	0	0	0	0	0	0	0	0	0
29364000	0	0	0	0	0	0	0	0	0	0	0	0
29368000	0	0	0	0	0	0	0	0	0	0	0	0
29372000	0	0	0	0	0	0	0	0	0	0	0	0
29376000	0	0	0	0	0	0	0	0	0	0	0	0
29380000	0	0	0	0	0	0	0	0	0	0	0	0
29384000	0	0	0	0	0	0	0	0	0	0	0	0
29388000	0	0	0	0	0	0	0	0	0	0	0	0
29392000	0	0	0	0	0	0	0	0	0	0	0	0
29396000	0	0	0	0	0	0	0	0	0	0	0	0
29400000	0	0	0	0	0	0	0	0	0	0	0	0
29404000	0	0	0	0	0	0	0	0	0	0	0	0
29408000	0	0	0	0	0	0	0	0	0	0	0	0
29412000	0	0	0	0	0	0	0	0	0	0	0	0
29416000	0	0	0	0	0	0	0	0	0	0	0	0
29420000	0	0	0	0	0	0	0	0	0	0	0	0
29424000	0	0	0	0	0	0	0	0	0	0	0	0
29428000	0	0	0	0	0	0	0	0	0	0	0	0
29432000	0	0	0	0	0	0	0	0	0	0	0	0
29437000	0	0	0	0	0	0	0	0	0	0	0	0
29440000	0	0	0	0	0	0	0	0	0	0	0	0
29444000	0	0	0	0	0	0	0	0	0	0	0	0
29448000	0	0	0	0	0	0	0	0	0	0	0	0
29453000	0	0	0	0	0	0	0	0	0	0	0	0
29456000	0	0	0	0	0	0	0	0	0	0	0	0
29460000	0	0	0	0	0	0	0	0	0	0	0	0
29464000	0	0	0	0	0	0	0	0	0	0	0	0
29468000	0	0	0	0	0	0	0	0	0	0	0	0
29472000	0	0	0	0	0	0	0	0	0	0	0	0
29476000	0	0	0	0	0	0	0	0	0	0	0	0
29480000	0	0	0	0	0	0	0	0	0	0	0	0
29484000	0	0	0	0	0	0	0	0	0	0	0	0
29488000	0	0	0	0	0	0	0	0	0	0	0	0
29492000	0	0	0	0	0	0	0	0	0	0	0	0
29496000	0	0	0	0	0	0	0	0	0	0	0	0
29500000	0	0	0	0	0	0	0	0	0	0	0	0
29504000	0	0	0	0	0	0	0	0	0	0	0	0
29508000	0	0	0	0	0	0	0	0	0	0	0	0
29512000	0	0	0	0	0	0	0	0	0	0	0	0
29516000	0	0	0	0	0	0	0	0	0	0	0	0
29525000	0	0	0	0	0	0	0	0	0	0	0	0
29528000	0	0	0	0	0	0	0	0	0	0	0	0
29532000	0	0	0	0	0	0	0	0	0	0	0	0
29536000	0	0	0	0	0	0	0	0	0	0	0	0
29540000	0	0	0	0	0	0	0	0	0	0	0	0
29544000	0	0	0	0	0	0	0	0	0	0	0	0
29551000	0	0	0	0	0	0	0	0	0	0	0	0
29556000	0	0	0	0	0	0	0	0	0	0	0	0
29560000	0	0	0	0	0	0	0	0	0	0	0	0
29564000	0	0	0	0	0	0	0	0	0	0	0	0
29568000	0	0	0	0	0	0	0	0	0	0	0	0
29575000	0	0	0	0	0	0	0	0	0	0	0	0
29578000	0	0	0	0	0	0	0	0	0	0	0	0
29584000	0	0	0	0	0	0	0	0	0	0	0	0
29588000	0	0	0	0	0	0	0	0	0	0	0	0
29593000	0	0	0	0	0	0	0	0	0	0	0	0
29596000	0	0	0	0	0	0	0	0	0	0	0	0
29600000	0	0	0	0	0	0	0	0	0	0	0	0
29604000	0	0	0	0	0	0	0	0	0	0	0	0
29608000	0	0	0	0	0	0	0	0	0	0	0	0
29612000	0	0	0	0	0	0	0	0	0	0	0	0
29616000	0	0	0	0	0	0	0	0	0	0	0	0
29620000	0	0	0	0	0	0	0	0	0	0	0	0
29624000	0	0	0	0	0	0	0	0	0	0	0	0
29628000	0	0	0	0	0	0	0	0	0	0	0	0
29632000	0	0	0	0	0	0	0	0	0	0	0	0
29636000	0	0	0	0	0	0	0	0	0	0	0	0
29640000	0	0	0	0	0	0	0	0	0	0	0	0
29644000	0	0	0	0	0	0	0	0	0	0	0	0
29648000	0	0	0	0	0	0	0	0	0	0	0	0
29652000	0	0	0	0	0	0	0	0	0	0	0	0
29656000	0	0	0	0	0	0	0	0	0	0	0	0
29660000	0	0	0	0	0	0	0	0	0	0	0	0
29664000	0	0	0	0	0	0	0	0	0	0	0	0
29668000	0	0	0	0	0	0	0	0	0	0	0	0
29673000	0	0	0	0	0	0	0	0	0	0	0	0
29676000	0	0	0	0	0	0	0	0	0	0	0	0
29680000	0	0	0	0	0	0	0	0	0	0	0	0
29684000	0	0	0	0	0	0	0	0	0	0	0	0
29688000	0	0	0	0	0	0	0	0	0	0	0	0
29692000	0	0	0	0	0	0	0	0	0	0	0	0
29696000	0	0	0	0	0	0	0	0	0	0	0	0
29700000	0	0	0	0	0	0	0	0	0	0	0	0
29704000	0	0	0	0	0	0	0	0	0	0	0	0
29708000	0	0	0	0	0	0	0	0	0	0	0	0
29712000	0	0	0	0	0	0	0	0	0	0	0	0
29716000	0	0	0	0	0	0	0	0	0	0	0	0
29720000	0	0	0	0	0	0	0	0	0	0	0	0
29724000	0	0	0	0	0	0	0	0	0	0	0	0
29728000	0	0	0	0	0	0	0	0	0	0	0	0
29732000	0	0	0	0	0	0	0	0	0	0	0	0
29737000	0	0	0	0	0	0	0	0	0	0	0	0
29740000	0	0	0	0	0	0	0	0	0	0	0	0
29744000	0	0	0	0	0	0	0	0	0	0	0	0
29748000	0	0	0	0	0	0	0	0	0	0	0	0
29753000	0	0	0	0	0	0	0	0	0	0	0	0
29756000	0	0	0	0	0	0	0	0	0	0	0	0
29760000	0	0	0	0	0	0	0	0	0	0	0	0
29764000	0	0	0	0	0	0	0	0	0	0	0	0
29768000	0	0	0	0	0	0	0	0	0	0	0	0
29772000	0	0	0	0	0	0	0	0	0	0	0	0
29776000	0	0	0	0	0	0	0	0	0	0	0	0
29780000	0	0	0	0	0	0	0	0	0	0	0	0
29785000	0	0	0	0	0	0	0	0	0	0	0	0
29788000	0	0	0	0	0	0	0	0	0	0	0	0
29792000	0	0	0	0	0	0	0	0	0	0	0	0
29796000	0	0	0	0	0	0	0	0	0	0	0	0
29800000	0	0	0	0	0	0	0	0	0	0	0	0
29804000	0	0	0	0	0	0	0	0	0	0	0	0
29808000	0	0	0	0	0	0	0	0	0	0	0	0
29812000	0	0	0	0	0	0	0	0	0	0	0	0
29820000	0	0	0	0	0	0	0	0	0	0	0	0
29824000	0	0	0	0	0	0	0	0	0	0	0	0
29828000	0	0	0	0	0	0	0	0	0	0	0	0
29832000	0	0	0	0	0	0	0	0	0	0	0	0
29840000	0	0	0	0	0	0	0	0	0	0	0	0
29844000	0	0	0	0	0	0	0	0	0	0	0	0
29848000	0	0	0	0	0	0	0	0	0	0	0	0
29852000	0	0	0	0	0	0	0	0	0	0	0	0
29856000	0	0	0	0	0	0	0	0	0	0	0	0
29860000	0	0	0	0	0	0	0	0	0	0	0	0
29864000	0	0	0	0	0	0	0	0	0	0	0	0
29868000	0	0	0	0	0	0	0	0	0	0	0	0
29872000	0	0	0	0	0	0	0	0	0	0	0	0
29876000	0	0	0	0	0	0	0	0	0	0	0	0
29880000	0	0	0	0	0	0	0	0	0	0	0	0
29884000	0	0	0	0	0	0	0	0	0	0	0	0
29888000	0	0	0	0	0	0	0	0	0	0	0	0
29892000	0	0	0	0	0	0	0	0	0	0	0	0
29896000	0	0	0	0	0	0	0	0	0	0	0	0
29901000	0	0	0	0	0	0	0	0	0	0	0	0
29904000	0	0	0	0	0	0	0	0	0	0	0	0
29908000	0	0	0	0	0	0	0	0	0	0	0	0
29912000	0	0	0	0	0	0	0	0	0	0	0	0
29916000	0	0	0	0	0	0	0	0	0	0	0	0
29920000	0	0	0	0	0	0	0	0	0	0	0	0
29924000	0	0	0	0	0	0	0	0	0	0	0	0
29928000	0	0	0	0	0	0	0	0	0	0	0	0
29933000	0	0	0	0	0	0	0	0	0	0	0	0
29936000	0	0	0	0	0	0	0	0	0	0	0	0
29940000	0	0	0	0	0	0	0	0	0	0	0	0
29944000	0	0	0	0	0	0	0	0	0	0	0	0
29948000	0	0	0	0	0	0	0	0	0	0	0	0
29952000	0	0	0	0	0	0	0	0	0	0	0	0
29956000	0	0	0	0	0	0	0	0	0	0	0	0
29960000	0	0	0	0	0	0	0	0	0	0	0	0
29964000	0	0	0	0	0	0	0	0	0	0	0	0
29968000	0	0	0	0	0	0	0	0	0	0	0	0
29972000	0	0	0	0	0	0	0	0	0	0	0	0
29976000	0	0	0	0	0	0	0	0	0	0	0	0
29980000	0	0	0	0	0	0	0	0	0	0	0	0
29984000	0	0	0	0	0	0	0	0	0	0	0	0
29988000	0	0	0	0	0	0	0	0	0	0	0	0
29992000	0	0	0	0	0	0	0	0	0	0	0	0
29996000	0	0	0	0	0	0	0	0	0	0	0	0
30000000	0	0	0	0	0	0	0	0	0	0	0	0
30004000	0	0	0	0	0	0	0	0	0	0	0	0
30008000	0	0	0	0	0	0	0	0	0	0	0	0
30012000	0	0	0	0	0	0	0	0	0	0	0	0
30016000	0	0	0	0	0	0	0	0	0	0	0	0
30020000	0	0	0	0	0	0	0	0	0	0	0	0
30024000	0	0	0	0	0	0	0	0	0	0	0	0
30028000	0	0	0	0	0	0	0	0	0	0	0	0
30032000	0	0	0	0	0	0	0	0	0	0	0	0
30036000	0	0	0	0	0	0	0	0	0	0	0	0
30040000	0	0	0	0	0	0	0	0	0	0	0	0
30044000	0	0	0	0	0	0	0	0	0	0	0	0
30048000	0	0	0	0	0	0	0	0	0	0	0	0
30052000	0	0	0	0	0	0	0	0	0	0	0	0
30056000	0	0	0	0	0	0	0	0	0	0	0	0
30060000	0	0	0	0	0	0	0	0	0	0	0	0
30064000	0	0	0	0	0	0	0	0	0	0	0	0
30068000	0	0	0	0	0	0	0	0	0	0	0	0
30072000	0	0	0	0	0	0	0	0	0	0	0	0
30076000	0	0	0	0	0	0	0	0	0	0	0	0
30080000	0	0	0	0	0	0	0	0	0	0	0	0
30084000	0	0	0	0	0	0	0	0	0	0	0	0
30088000	0	0	0	0	0	0	0	0	0	0	0	0
30092000	0	0	0	0	0	0	0	0	0	0	0	0
30097000	0	0	0	0	0	0	0	0	0	0	0	0
30100000	0	0	0	0	0	0	0	0	0	0	0	0
30104000	0	0	0	0	0	0	0	0	0	0	0	0
30108000	0	0	0	0	0	0	0	0	0	0	0	0
30112000	0	0	0	0	0	0	0	0	0	0	0	0
30116000	0	0	0	0	0	0	0	0	0	0	0	0
30121000	0	0	0	0	0	0	0	0	0	0	0	0
30124000	0	0	0	0	0	0	0	0	0	0	0	0
30128000	0	0	0	0	0	0	0	0	0	0	0	0
30132000	0	0	0	0	0	0	0	0	0	0	0	0
30137000	0	0	0	0	0	0	0	0	0	0	0	0
30140000	0	0	0	0	0	0	0	0	0	0	0	0
30144000	0	0	0	0	0	0	0	0	0	0	0	0
30148000	0	0	0	0	0	0	0	0	0	0	0	0
30153000	0	0	0	0	0	0	0	0	0	0	0	0
30156000	0	0	0	0	0	0	0	0	0	0	0	0
30160000	0	0	0	0	0	0	0	0	0	0	0	0
30164000	0	0	0	0	0	0	0	0	0	0	0	0
30169000	0	0	0	0	0	0	0	0	0	0	0	0
30172000	0	0	0	0	0	0	0	0	0	0	0	0
30176000	0	0	0	0	0	0	0	0	0	0	0	0
30180000	0	0	0	0	0	0	0	0	0	0	0	0
30186000	0	0	0	0	0	0	0	0	0	0	0	0
30192000	0	0	0	0	0	0	0	0	0	0	0	0
30196000	0	0	0	0	0	0	0	0	0	0	0	0
30201000	0	0	0	0	0	0	0	0	0	0	0	0
30204000	0	0	0	0	0	0	0	0	0	0	0	0
30208000	0	0	0	0	0	0	0	0	0	0	0	0
30212000	0	0	0	0	0	0	0	0	0	0	0	0
30216000	0	0	0	0	0	0	0	0	0	0	0	0
30220000	0	0	0	0	0	0	0	0	0	0	0	0
30224000	0	0	0	0	0	0	0	0	0	0	0	0
30228000	0	0	0	0	0	0	0	0	0	0	0	0
30232000	0	0	0	0	0	0	0	0	0	0	0	0
30236000	0	0	0	0	0	0	0	0	0	0	0	0
30240000	0	0	0	0	0	0	0	0	0	0	0	0
30244000	0	0	0	0	0	0	0	0	0	0	0	0
30248000	0	0	0	0	0	0	0	0	0	0	0	0
30252000	0	0	0	0	0	0	0	0	0	0	0	0
30256000	0	0	0	0	0	0	0	0	0	0	0	0
30260000	0	0	0	0	0	0	0	0	0	0	0	0
30264000	0	0	0	0	0	0	0	0	0	0	0	0
30268000	0	0	0	0	0	0	0	0	0	0	0	0
30272000	0	0	0	0	0	0	0	0	0	0	0	0
30276000	0	0	0	0	0	0	0	0	0	0	0	0
30280000	0	0	0	0	0	0	0	0	0	0	0	0
30284000	0	0	0	0	0	0	0	0	0	0	0	0
30288000	0	0	0	0	0	0	0	0	0	0	0	0
30292000	0	0	0	0	0	0	0	0	0	0	0	0
30296000	0	0	0	0	0	0	0	0	0	0	0	0
30300000	0	0	0	0	0	0	0	0	0	0	0	0
30304000	0	0	0	0	0	0	0	0	0	0	0	0
30308000	0	0	0	0	0	0	0	0	0	0	0	0
30312000	0	0	0	0	0	0	0	0	0	0	0	0
30316000	0	0	0	0	0	0	0	0	0	0	0	0
30320000	0	0	0	0	0	0	0	0	0	0	0	0
30324000	0	0	0	0	0	0	0	0	0	0	0	0
30328000	0	0	0	0	0	0	0	0	0	0	0	0
30332000	0	0	0	0	0	0	0	0	0	0	0	0
30336000	0	0	0	0	0	0	0	0	0	0	0	0
30340000	0	0	0	0	0	0	0	0	0	0	0	0
30344000	0	0	0	0	0	0	0	0	0	0	0	0
30348000	0	0	0	0	0	0	0	0	0	0	0	0
30352000	0	0	0	0	0	0	0	0	0	0	0	0
30356000	0	0	0	0	0	0	0	0	0	0	0	0
30360000	0	0	0	0	0	0	0	0	0	0	0	0
30364000	0	0	0	0	0	0	0	0	0	0	0	0
30368000	0	0	0	0	0	0	0	0	0	0	0	0
30372000	0	0	0	0	0	0	0	0	0	0	0	0
30376000	0	0	0	0	0	0	0	0	0	0	0	0
30380000	0	0	0	0	0	0	0	0	0	0	0	0
30384000	0	0	0	0	0	0	0	0	0	0	0	0
30388000	0	0	0	0	0	0	0	0	0	0	0	0
30392000	0	0	0	0	0	0	0	0	0	0	0	0
30396000	0	0	0	0	0	0	0	0	0	0	0	0
30400000	0	0	0	0	0	0	0	0	0	0	0	0
30406000	0	0	0	0	0	0	0	0	0	0	0	0
30412000	0	0	0	0	0	0	0	0	0	0	0	0
30416000	0	0	0	0	0	0	0	0	0	0	0	0
30420000	0	0	0	0	0	0	0	0	0	0	0	0
30424000	0	0	0	0	0	0	0	0	0	0	0	0
30428000	0	0	0	0	0	0	0	0	0	0	0	0
30432000	0	0	0	0	0	0	0	0	0	0	0	0
30436000	0	0	0	0	0	0	0	0	0	0	0	0
30440000	0	0	0	0	0	0	0	0	0	0	0	0
30444000	0	0	0	0	0	0	0	0	0	0	0	0
30448000	0	0	0	0	0	0	0	0	0	0	0	0
30454000	0	0	0	0	0	0	0	0	0	0	0	0
30460000	0	0	0	0	0	0	0	0	0	0	0	0
30464000	0	0	0	0	0	0	0	0	0	0	0	0
30468000	0	0	0	0	0	0	0	0	0	0	0	0
30472000	0	0	0	0	0	0	0	0	0	0	0	0
30476000	0	0	0	0	0	0	0	0	0	0	0	0
30480000	0	0	0	0	0	0	0	0	0	0	0	0
30484000	0	0	0	0	0	0	0	0	0	0	0	0
30488000	0	0	0	0	0	0	0	0	0	0	0	0
30492000	0	0	0	0	0	0	0	0	0	0	0	0
30496000	0	0	0	0	0	0	0	0	0	0	0	0
30502000	0	0	0	0	0	0	0	0	0	0	0	0
30508000	0	0	0	0	0	0	0	0	0	0	0	0
30512000	0	0	0	0	0	0	0	0	0	0	0	0
30516000	0	0	0	0	0	0	0	0	0	0	0	0
30521000	0	0	0	0	0	0	0	0	0	0	0	0
30524000	0	0	0	0	0	0	0	0	0	0	0	0
30528000	0	0	0	0	0	0	0	0	0	0	0	0
30532000	0	0	0	0	0	0	0	0	0	0	0	0
30536000	0	0	0	0	0	0	0	0	0	0	0	0
30540000	0	0	0	0	0	0	0	0	0	0	0	0
30544000	0	0	0	0	0	0	0	0	0	0	0	0
30552000	0	0	0	0	0	0	0	0	0	0	0	0
30556000	0	0	0	0	0	0	0	0	0	0	0	0
30560000	0	0	0	0	0	0	0	0	0	0	0	0
30564000	0	0	0	0	0	0	0	0	0	0	0	0
30568000	0	0	0	0	0	0	0	0	0	0	0	0
30572000	0	0	0	0	0	0	0	0	0	0	0	0
30576000	0	0	0	0	0	0	0	0	0	0	0	0
30581000	0	0	0	0	0	0	0	0	0	0	0	0
30584000	0	0	0	0	0	0	0	0	0	0	0	0
30588000	0	0	0	0	0	0	0	0	0	0	0	0
30592000	0	0	0	0	0	0	0	0	0	0	0	0
30597000	0	0	0	0	0	0	0	0	0	0	0	0
30600000	0	0	0	0	0	0	0	0	0	0	0	0
30604000	0	0	0	0	0	0	0	0	0	0	0	0
30608000	0	0	0	0	0	0	0	0	0	0	0	0
30612000	0	0	0	0	0	0	0	0	0	0	0	0
30616000	0	0	0	0	0	0	0	0	0	0	0	0
30620000	0	0	0	0	0	0	0	0	0	0	0	0
30624000	0	0	0	0	0	0	0	0	0	0	0	0
30628000	0	0	0	0	0	0	0	0	0	0	0	0
30632000	0	0	0	0	0	0	0	0	0	0	0	0
30636000	0	0	0	0	0	0	0	0	0	0	0	0
30640000	0	0	0	0	0	0	0	0	0	0	0	0
30644000	0	0	0	0	0	0	0	0	0	0	0	0
30648000	0	0	0	0	0	0	0	0	0	0	0	0
30652000	0	0	0	0	0	0	0	0	0	0	0	0
30656000	0	0	0	0	0	0	0	0	0	0	0	0
30660000	0	0	0	0	0	0	0	0	0	0	0	0
30664000	0	0	0	0	0	0	0	0	0	0	0	0
30668000	0	0	0	0	0	0	0	0	0	0	0	0
30672000	0	0	0	0	0	0	0	0	0	0	0	0
30676000	0	0	0	0	0	0	0	0	0	0	0	0
30683000	0	0	0	0	0	0	0	0	0	0	0	0
30688000	0	0	0	0	0	0	0	0	0	0	0	0
30692000	0	0	0	0	0	0	0	0	0	0	0	0
30696000	0	0	0	0	0	0	0	0	0	0	0	0
30700000	0	0	0	0	0	0	0	0	0	0	0	0
30704000	0	0	0	0	0	0	0	0	0	0	0	0
30708000	0	0	0	0	0	0	0	0	0	0	0	0
30712000	0	0	0	0	0	0	0	0	0	0	0	0
30716000	0	0	0	0	0	0	0	0	0	0	0	0
30720000	0	0	0	0	0	0	0	0	0	0	0	0
30724000	0	0	0	0	0	0	0	0	0	0	0	0
30728000	0	0	0	0	0	0	0	0	0	0	0	0
30732000	0	0	0	0	0	0	0	0	0	0	0	0
30736000	0	0	0	0	0	0	0	0	0	0	0	0
30740000	0	0	0	0	0	0	0	0	0	0	0	0
30744000	0	0	0	0	0	0	0	0	0	0	0	0
30748000	0	0	0	0	0	0	0	0	0	0	0	0
30752000	0	0	0	0	0	0	0	0	0	0	0	0
30756000	0	0	0	0	0	0	0	0	0	0	0	0
30760000	0	0	0	0	0	0	0	0	0	0	0	0
30764000	0	0	0	0	0	0	0	0	0	0	0	0
30768000	0	0	0	0	0	0	0	0	0	0	0	0
30772000	0	0	0	0	0	0	0	0	0	0	0	0
30776000	0	0	0	0	0	0	0	0	0	0	0	0
30780000	0	0	0	0	0	0	0	0	0	0	0	0
30784000	0	0	0	0	0	0	0	0	0	0	0	0
30788000	0	0	0	0	0	0	0	0	0	0	0	0
30792000	0	0	0	0	0	0	0	0	0	0	0	0
30796000	0	0	0	0	0	0	0	0	0	0	0	0
30800000	0	0	0	0	0	0	0	0	0	0	0	0
30804000	0	0	0	0	0	0	0	0	0	0	0	0
30808000	0	0	0	0	0	0	0	0	0	0	0	0
30812000	0	0	0	0	0	0	0	0	0	0	0	0
30816000	0	0	0	0	0	0	0	0	0	0	0	0
30820000	0	0	0	0	0	0	0	0	0	0	0	0
30824000	0	0	0	0	0	0	0	0	0	0	0	0
30828000	0	0	0	0	0	0	0	0	0	0	0	0
30832000	0	0	0	0	0	0	0	0	0	0	0	0
30836000	0	0	0	0	0	0	0	0	0	0	0	0
30840000	0	0	0	0	0	0	0	0	0	0	0	0
30844000	0	0	0	0	0	0	0	0	0	0	0	0
30848000	0	0	0	0	0	0	0	0	0	0	0	0
30852000	0	0	0	0	0	0	0	0	0	0	0	0
30856000	0	0	0	0	0	0	0	0	0	0	0	0
30860000	0	0	0	0	0	0	0	0	0	0	0	0
30865000	0	0	0	0	0	0	0	0	0	0	0	0
30868000	0	0	0	0	0	0	0	0	0	0	0	0
30872000	0	0	0	0	0	0	0	0	0	0	0	0
30876000	0	0	0	0	0	0	0	0	0	0	0	0
30880000	0	0	0	0	0	0	0	0	0	0	0	0
30885000	0	0	0	0	0	0	0	0	0	0	0	0
30892000	0	0	0	0	0	0	0	0	0	0	0	0
30896000	0	0	0	0	0	0	0	0	0	0	0	0
30900000	0	0	0	0	0	0	0	0	0	0	0	0
30904000	0	0	0	0	0	0	0	0	0	0	0	0
30908000	0	0	0	0	0	0	0	0	0	0	0	0
30917000	0	0	0	0	0	0	0	0	0	0	0	0
30920000	0	0	0	0	0	0	0	0	0	0	0	0
30924000	0	0	0	0	0	0	0	0	0	0	0	0
30928000	0	0	0	0	0	0	0	0	0	0	0	0
30932000	0	0	0	0	0	0	0	0	0	0	0	0
30936000	0	0	0	0	0	0	0	0	0	0	0	0
30942000	0	0	0	0	0	0	0	0	0	0	0	0
30948000	0	0	0	0	0	0	0	0	0	0	0	0
30952000	0	0	0	0	0	0	0	0	0	0	0	0
30956000	0	0	0	0	0	0	0	0	0	0	0	0
30960000	0	0	0	0	0	0	0	0	0	0	0	0
30964000	0	0	0	0	0	0	0	0	0	0	0	0
30968000	0	0	0	0	0	0	0	0	0	0	0	0
30972000	0	0	0	0	0	0	0	0	0	0	0	0
30976000	0	0	0	0	0	0	0	0	0	0	0	0
30980000	0	0	0	0	0	0	0	0	0	0	0	0
30984000	0	0	0	0	0	0	0	0	0	0	0	0
30988000	0	0	0	0	0	0	0	0	0	0	0	0
30992000	0	0	0	0	0	0	0	0	0	0	0	0
30996000	0	0	0	0	0	0	0	0	0	0	0	0
31000000	0	0	0	0	0	0	0	0	0	0	0	0
31004000	0	0	0	0	0	0	0	0	0	0	0	0
31008000	0	0	0	0	0	0	0	0	0	0	0	0
31012000	0	0	0	0	0	0	0	0	0	0	0	0
31016000	0	0	0	0	0	0	0	0	0	0	0	0
31020000	0	0	0	0	0	0	0	0	0	0	0	0
31025000	0	0	0	0	0	0	0	0	0	0	0	0
31028000	0	0	0	0	0	0	0	0	0	0	0	0
31032000	0	0	0	0	0	0	0	0	0	0	0	0
31036000	0	0	0	0	0	0	0	0	0	0	0	0
31040000	0	0	0	0	0	0	0	0	0	0	0	0
31044000	0	0	0	0	0	0	0	0	0	0	0	0
31048000	0	0	0	0	0	0	0	0	0	0	0	0
31052000	0	0	0	0	0	0	0	0	0	0	0	0
31057000	0	0	0	0	0	0	0	0	0	0	0	0
31060000	0	0	0	0	0	0	0	0	0	0	0	0
31064000	0	0	0	0	0	0	0	0	0	0	0	0
31068000	0	0	0	0	0	0	0	0	0	0	0	0
31073000	0	0	0	0	0	0	0	0	0	0	0	0
31076000	0	0	0	0	0	0	0	0	0	0	0	0
31080000	0	0	0	0	0	0	0	0	0	0	0	0
31084000	0	0	0	0	0	0	0	0	0	0	0	0
31089000	0	0	0	0	0	0	0	0	0	0	0	0
31092000	0	0	0	0	0	0	0	0	0	0	0	0
31096000	0	0	0	0	0	0	0	0	0	0	0	0
31100000	0	0	0	0	0	0	0	0	0	0	0	0
31105000	0	0	0	0	0	0	0	0	0	0	0	0
31108000	0	0	0	0	0	0	0	0	0	0	0	0
31112000	0	0	0	0	0	0	0	0	0	0	0	0
31116000	0	0	0	0	0	0	0	0	0	0	0	0
31120000	0	0	0	0	0	0	0	0	0	0	0	0
31124000	0	0	0	0	0	0	0	0	0	0	0	0
31134000	0	0	0	0	0	0	0	0	0	0	0	0
31140000	0	0	0	0	0	0	0	0	0	0	0	0
31144000	0	0	0	0	0	0	0	0	0	0	0	0
31148000	0	0	0	0	0	0	0	0	0	0	0	0
31152000	0	0	0	0	0	0	0	0	0	0	0	0
31156000	0	0	0	0	0	0	0	0	0	0	0	0
31160000	0	0	0	0	0	0	0	0	0	0	0	0
31164000	0	0	0	0	0	0	0	0	0	0	0	0
31168000	0	0	0	0	0	0	0	0	0	0	0	0
31172000	0	0	0	0	0	0	0	0	0	0	0	0
31179000	0	0	0	0	0	0	0	0	0	0	0	0
31184000	0	0	0	0	0	0	0	0	0	0	0	0
31188000	0	0	0	0	0	0	0	0	0	0	0	0
31192000	0	0	0	0	0	0	0	0	0	0	0	0
31196000	0	0	0	0	0	0	0	0	0	0	0	0
31200000	0	0	0	0	0	0	0	0	0	0	0	0
31206000	0	0	0	0	0	0	0	0	0	0	0	0
31212000	0	0	0	0	0	0	0	0	0	0	0	0
31216000	0	0	0	0	0	0	0	0	0	0	0	0
31220000	0	0	0	0	0	0	0	0	0	0	0	0
31224000	0	0	0	0	0	0	0	0	0	0	0	0
31230000	0	0	0	0	0	0	0	0	0	0	0	0
31236000	0	0	0	0	0	0	0	0	0	0	0	0
31240000	0	0	0	0	0	0	0	0	0	0	0	0
31244000	0	0	0	0	0	0	0	0	0	0	0	0
31248000	0	0	0	0	0	0	0	0	0	0	0	0
31253000	0	0	0	0	0	0	0	0	0	0	0	0
31256000	0	0	0	0	0	0	0	0	0	0	0	0
31260000	0	0	0	0	0	0	0	0	0	0	0	0
31264000	0	0	0	0	0	0	0	0	0	0	0	0
31268000	0	0	0	0	0	0	0	0	0	0	0	0
31272000	0	0	0	0	0	0	0	0	0	0	0	0
31276000	0	0	0	0	0	0	0	0	0	0	0	0
31280000	0	0	0	0	0	0	0	0	0	0	0	0
31284000	0	0	0	0	0	0	0	0	0	0	0	0
31288000	0	0	0	0	0	0	0	0	0	0	0	0
31292000	0	0	0	0	0	0	0	0	0	0	0	0
31296000	0	0	0	0	0	0	0	0	0	0	0	0
31300000	0	0	0	0	0	0	0	0	0	0	0	0
31304000	0	0	0	0	0	0	0	0	0	0	0	0
31308000	0	0	0	0	0	0	0	0	0	0	0	0
31312000	0	0	0	0	0	0	0	0	0	0	0	0
31320000	0	0	0	0	0	0	0	0	0	0	0	0
31324000	0	0	0	0	0	0	0	0	0	0	0	0
31328000	0	0	0	0	0	0	0	0	0	0	0	0
31332000	0	0	0	0	0	0	0	0	0	0	0	0
31336000	0	0	0	0	0	0	0	0	0	0	0	0
31340000	0	0	0	0	0	0	0	0	0	0	0	0
31345000	0	0	0	0	0	0	0	0	0	0	0	0
31348000	0	0	0	0	0	0	0	0	0	0	0	0
31352000	0	0	0	0	0	0	0	0	0	0	0	0
31356000	0	0	0	0	0	0	0	0	0	0	0	0
31361000	0	0	0	0	0	0	0	0	0	0	0	0
31364000	0	0	0	0	0	0	0	0	0	0	0	0
31368000	0	0	0	0	0	0	0	0	0	0	0	0
31372000	0	0	0	0	0	0	0	0	0	0	0	0
31377000	0	0	0	0	0	0	0	0	0	0	0	0
31380000	0	0	0	0	0	0	0	0	0	0	0	0
31384000	0	0	0	0	0	0	0	0	0	0	0	0
31388000	0	0	0	0	0	0	0	0	0	0	0	0
31393000	0	0	0	0	0	0	0	0	0	0	0	0
31396000	0	0	0	0	0	0	0	0	0	0	0	0
31400000	0	0	0	0	0	0	0	0	0	0	0	0
31404000	0	0	0	0	0	0	0	0	0	0	0	0
31409000	0	0	0	0	0	0	0	0	0	0	0	0
31412000	0	0	0	0	0	0	0	0	0	0	0	0
31416000	0	0	0	0	0	0	0	0	0	0	0	0
31420000	0	0	0	0	0	0	0	0	0	0	0	0
31426000	0	0	0	0	0	0	0	0	0	0	0	0
31432000	0	0	0	0	0	0	0	0	0	0	0	0
31436000	0	0	0	0	0	0	0	0	0	0	0	0
31440000	0	0	0	0	0	0	0	0	0	0	0	0
31444000	0	0	0	0	0	0	0	0	0	0	0	0
31448000	0	0	0	0	0	0	0	0	0	0	0	0
31452000	0	0	0	0	0	0	0	0	0	0	0	0
31456000	0	0	0	0	0	0	0	0	0	0	0	0
31460000	0	0	0	0	0	0	0	0	0	0	0	0
31464000	0	0	0	0	0	0	0	0	0	0	0	0
31468000	0	0	0	0	0	0	0	0	0	0	0	0
31472000	0	0	0	0	0	0	0	0	0	0	0	0
31476000	0	0	0	0	0	0	0	0	0	0	0	0
31480000	0	0	0	0	0	0	0	0	0	0	0	0
31484000	0	0	0	0	0	0	0	0	0	0	0	0
31488000	0	0	0	0	0	0	0	0	0	0	0	0
31492000	0	0	0	0	0	0	0	0	0	0	0	0
31496000	0	0	0	0	0	0	0	0	0	0	0	0
31500000	0	0	0	0	0	0	0	0	0	0	0	0
31504000	0	0	0	0	0	0	0	0	0	0	0	0
31508000	0	0	0	0	0	0	0	0	0	0	0	0
31512000	0	0	0	0	0	0	0	0	0	0	0	0
31516000	0	0	0	0	0	0	0	0	0	0	0	0
31520000	0	0	0	0	0	0	0	0	0	0	0	0
31524000	0	0	0	0	0	0	0	0	0	0	0	0
31528000	0	0	0	0	0	0	0	0	0	0	0	0
31532000	0	0	0	0	0	0	0	0	0	0	0	0
31536000	0	0	0	0	0	0	0	0	0	0	0	0
31542000	0	0	0	0	0	0	0	0	0	0	0	0
31548000	0	0	0	0	0	0	0	0	0	0	0	0
31552000	0	0	0	0	0	0	0	0	0	0	0	0
31557000	0	0	0	0	0	0	0	0	0	0	0	0
31560000	0	0	0	0	0	0	0	0	0	0	0	0
31564000	0	0	0	0	0	0	0	0	0	0	0	0
31568000	0	0	0	0	0	0	0	0	0	0	0	0
31573000	0	0	0	0	0	0	0	0	0	0	0	0
31576000	0	0	0	0	0	0	0	0	0	0	0	0
31580000	0	0	0	0	0	0	0	0	0	0	0	0
31584000	0	0	0	0	0	0	0	0	0	0	0	0
31589000	0	0	0	0	0	0	0	0	0	0	0	0
31592000	0	0	0	0	0	0	0	0	0	0	0	0
31596000	0	0	0	0	0	0	0	0	0	0	0	0
31600000	0	0	0	0	0	0	0	0	0	0	0	0
31605000	0	0	0	0	0	0	0	0	0	0	0	0
31608000	0	0	0	0	0	0	0	0	0	0	0	0
31612000	0	0	0	0	0	0	0	0	0	0	0	0
31616000	0	0	0	0	0	0	0	0	0	0	0	0
31621000	0	0	0	0	0	0	0	0	0	0	0	0
31624000	0	0	0	0	0	0	0	0	0	0	0	0
31628000	0	0	0	0	0	0	0	0	0	0	0	0
31633000	0	0	0	0	0	0	0	0	0	0	0	0
31637000	0	0	0	0	0	0	0	0	0	0	0	0
31640000	0	0	0	0	0	0	0	0	0	0	0	0
31644000	0	0	0	0	0	0	0	0	0	0	0	0
31648000	0	0	0	0	0	0	0	0	0	0	0	0
31652000	0	0	0	0	0	0	0	0	0	0	0	0
31656000	0	0	0	0	0	0	0	0	0	0	0	0
31660000	0	0	0	0	0	0	0	0	0	0	0	0
31664000	0	0	0	0	0	0	0	0	0	0	0	0
31668000	0	0	0	0	0	0	0	0	0	0	0	0
31672000	0	0	0	0	0	0	0	0	0	0	0	0
31676000	0	0	0	0	0	0	0	0	0	0	0	0
31680000	0	0	0	0	0	0	0	0	0	0	0	0
31684000	0	0	0	0	0	0	0	0	0	0	0	0
31688000	0	0	0	0	0	0	0	0	0	0	0	0
31692000	0	0	0	0	0	0	0	0	0	0	0	0
31696000	0	0	0	0	0	0	0	0	0	0	0	0
31700000	0	0	0	0	0	0	0	0	0	0	0	0
31704000	0	0	0	0	0	0	0	0	0	0	0	0
31708000	0	0	0	0	0	0	0	0	0	0	0	0
31712000	0	0	0	0	0	0	0	0	0	0	0	0
31716000	0	0	0	0	0	0	0	0	0	0	0	0
31725000	0	0	0	0	0	0	0	0	0	0	0	0
31728000	0	0	0	0	0	0	0	0	0	0	0	0
31732000	0	0	0	0	0	0	0	0	0	0	0	0
31736000	0	0	0	0	0	0	0	0	0	0	0	0
31740000	0	0	0	0	0	0	0	0	0	0	0	0
31744000	0	0	0	0	0	0	0	0	0	0	0	0
31748000	0	0	0	0	0	0	0	0	0	0	0	0
31752000	0	0	0	0	0	0	0	0	0	0	0	0
31756000	0	0	0	0	0	0	0	0	0	0	0	0
31761000	0	0	0	0	0	0	0	0	0	0	0	0
31764000	0	0	0	0	0	0	0	0	0	0	0	0
31768000	0	0	0	0	0	0	0	0	0	0	0	0
31772000	0	0	0	0	0	0	0	0	0	0	0	0
31776000	0	0	0	0	0	0	0	0	0	0	0	0
31780000	0	0	0	0	0	0	0	0	0	0	0	0
31784000	0	0	0	0	0	0	0	0	0	0	0	0
31788000	0	0	0	0	0	0	0	0	0	0	0	0
31793000	0	0	0	0	0	0	0	0	0	0	0	0
31796000	0	0	0	0	0	0	0	0	0	0	0	0
31800000	0	0	0	0	0	0	0	0	0	0	0	0
31804000	0	0	0	0	0	0	0	0	0	0	0	0
31809000	0	0	0	0	0	0	0	0	0	0	0	0
31812000	0	0	0	0	0	0	0	0	0	0	0	0
31816000	0	0	0	0	0	0	0	0	0	0	0	0
31820000	0	0	0	0	0	0	0	0	0	0	0	0
31825000	0	0	0	0	0	0	0	0	0	0	0	0
31828000	0	0	0	0	0	0	0	0	0	0	0	0
31832000	0	0	0	0	0	0	0	0	0	0	0	0
31836000	0	0	0	0	0	0	0	0	0	0	0	0
31841000	0	0	0	0	0	0	0	0	0	0	0	0
31844000	0	0	0	0	0	0	0	0	0	0	0	0
31848000	0	0	0	0	0	0	0	0	0	0	0	0
31852000	0	0	0	0	0	0	0	0	0	0	0	0
31856000	0	0	0	0	0	0	0	0	0	0	0	0
31860000	0	0	0	0	0	0	0	0	0	0	0	0
31864000	0	0	0	0	0	0	0	0	0	0	0	0
31868000	0	0	0	0	0	0	0	0	0	0	0	0
31873000	0	0	0	0	0	0	0	0	0	0	0	0
31876000	0	0	0	0	0	0	0	0	0	0	0	0
31880000	0	0	0	0	0	0	0	0	0	0	0	0
31884000	0	0	0	0	0	0	0	0	0	0	0	0
31889000	0	0	0	0	0	0	0	0	0	0	0	0
31892000	0	0	0	0	0	0	0	0	0	0	0	0
31896000	0	0	0	0	0	0	0	0	0	0	0	0
31900000	0	0	0	0	0	0	0	0	0	0	0	0
31905000	0	0	0	0	0	0	0	0	0	0	0	0
31908000	0	0	0	0	0	0	0	0	0	0	0	0
31912000	0	0	0	0	0	0	0	0	0	0	0	0
31916000	0	0	0	0	0	0	0	0	0	0	0	0
31920000	0	0	0	0	0	0	0	0	0	0	0	0
31924000	0	0	0	0	0	0	0	0	0	0	0	0
31928000	0	0	0	0	0	0	0	0	0	0	0	0
31932000	0	0	0	0	0	0	0	0	0	0	0	0
31936000	0	0	0	0	0	0	0	0	0	0	0	0
31940000	0	0	0	0	0	0	0	0	0	0	0	0
31944000	0	0	0	0	0	0	0	0	0	0	0	0
31948000	0	0	0	0	0	0	0	0	0	0	0	0
31952000	0	0	0	0	0	0	0	0	0	0	0	0
31956000	0	0	0	0	0	0	0	0	0	0	0	0
31960000	0	0	0	0	0	0	0	0	0	0	0	0
31964000	0	0	0	0	0	0	0	0	0	0	0	0
31968000	0	0	0	0	0	0	0	0	0	0	0	0
31972000	0	0	0	0	0	0	0	0	0	0	0	0
31976000	0	0	0	0	0	0	0	0	0	0	0	0
31980000	0	0	0	0	0	0	0	0	0	0	0	0
31984000	0	0	0	0	0	0	0	0	0	0	0	0
31988000	0	0	0	0	0	0	0	0	0	0	0	0
31992000	0	0	0	0	0	0	0	0	0	0	0	0
31996000	0	0	0	0	0	0	0	0	0	0	0	0
32000000	0	0	0	0	0	0	0	0	0	0	0	0
32004000	0	0	0	0	0	0	0	0	0	0	0	0
32008000	0	0	0	0	0	0	0	0	0	0	0	0
32012000	0	0	0	0	0	0	0	0	0	0	0	0
32016000	0	0	0	0	0	0	0	0	0	0	0	0
32020000	0	0	0	0	0	0	0	0	0	0	0	0
32024000	0	0	0	0	0	0	0	0	0	0	0	0
32028000	0	0	0	0	0	0	0	0	0	0	0	0
32032000	0	0	0	0	0	0	0	0	0	0	0	0
32036000	0	0	0	0	0	0	0	0	0	0	0	0
32040000	0	0	0	0	0	0	0	0	0	0	0	0
32044000	0	0	0	0	0	0	0	0	0	0	0	0
32048000	0	0	0	0	0	0	0	0	0	0	0	0
32052000	0	0	0	0	0	0	0	0	0	0	0	0
32056000	0	0	0	0	0	0	0	0	0	0	0	0
32060000	0	0	0	0	0	0	0	0	0	0	0	0
32064000	0	0	0	0	0	0	0	0	0	0	0	0
32068000	0	0	0	0	0	0	0	0	0	0	0	0
32072000	0	0	0	0	0	0	0	0	0	0	0	0
32076000	0	0	0	0	0	0	0	0	0	0	0	0
32080000	0	0	0	0	0	0	0	0	0	0	0	0
32084000	0	0	0	0	0	0	0	0	0	0	0	0
32088000	0	0	0	0	0	0	0	0	0	0	0	0
32092000	0	0	0	0	0	0	0	0	0	0	0	0
32096000	0	0	0	0	0	0	0	0	0	0	0	0
32100000	0	0	0	0	0	0	0	0	0	0	0	0
32104000	0	0	0	0	0	0	0	0	0	0	0	0
32108000	0	0	0	0	0	0	0	0	0	0	0	0
32112000	0	0	0	0	0	0	0	0	0	0	0	0
32116000	0	0	0	0	0	0	0	0	0	0	0	0
32120000	0	0	0	0	0	0	0	0	0	0	0	0
32124000	0	0	0	0	0	0	0	0	0	0	0	0
32128000	0	0	0	0	0	0	0	0	0	0	0	0
32133000	0	0	0	0	0	0	0	0	0	0	0	0
32136000	0	0	0	0	0	0	0	0	0	0	0	0
32140000	0	0	0	0	0	0	0	0	0	0	0	0
32144000	0	0	0	0	0	0	0	0	0	0	0	0
32148000	0	0	0	0	0	0	0	0	0	0	0	0
32152000	0	0	0	0	0	0	0	0	0	0	0	0
32156000	0	0	0	0	0	0	0	0	0	0	0	0
32160000	0	0	0	0	0	0	0	0	0	0	0	0
32164000	0	0	0	0	0	0	0	0	0	0	0	0
32168000	0	0	0	0	0	0	0	0	0	0	0	0
32172000	0	0	0	0	0	0	0	0	0	0	0	0
32176000	0	0	0	0	0	0	0	0	0	0	0	0
32180000	0	0	0	0	0	0	0	0	0	0	0	0
32184000	0	0	0	0	0	0	0	0	0	0	0	0
32188000	0	0	0	0	0	0	0	0	0	0	0	0
32192000	0	0	0	0	0	0	0	0	0	0	0	0
32196000	0	0	0	0	0	0	0	0	0	0	0	0
32200000	0	0	0	0	0	0	0	0	0	0	0	0
32204000	0	0	0	0	0	0	0	0	0	0	0	0
32208000	0	0	0	0	0	0	0	0	0	0	0	0
32212000	0	0	0	0	0	0	0	0	0	0	0	0
32216000	0	0	0	0	0	0	0	0	0	0	0	0
32220000	0	0	0	0	0	0	0	0	0	0	0	0
32224000	0	0	0	0	0	0	0	0	0	0	0	0
32228000	0	0	0	0	0	0	0	0	0	0	0	0
32232000	0	0	0	0	0	0	0	0	0	0	0	0
32236000	0	0	0	0	0	0	0	0	0	0	0	0
32240000	0	0	0	0	0	0	0	0	0	0	0	0
32244000	0	0	0	0	0	0	0	0	0	0	0	0
32248000	0	0	0	0	0	0	0	0	0	0	0	0
32252000	0	0	0	0	0	0	0	0	0	0	0	0
32256000	0	0	0	0	0	0	0	0	0	0	0	0
32260000	0	0	0	0	0	0	0	0	0	0	0	0
32264000	0	0	0	0	0	0	0	0	0	0	0	0
32268000	0	0	0	0	0	0	0	0	0	0	0	0
32272000	0	0	0	0	0	0	0	0	0	0	0	0
32276000	0	0	0	0	0	0	0	0	0	0	0	0
32280000	0	0	0	0	0	0	0	0	0	0	0	0
32284000	0	0	0	0	0	0	0	0	0	0	0	0
32288000	0	0	0	0	0	0	0	0	0	0	0	0
32292000	0	0	0	0	0	0	0	0	0	0	0	0
32297000	0	0	0	0	0	0	0	0	0	0	0	0
32300000	0	0	0	0	0	0	0	0	0	0	0	0
32304000	0	0	0	0	0	0	0	0	0	0	0	0
32308000	0	0	0	0	0	0	0	0	0	0	0	0
32313000	0	0	0	0	0	0	0	0	0	0	0	0
32316000	0	0	0	0	0	0	0	0	0	0	0	0
32320000	0	0	0	0	0	0	0	0	0	0	0	0
32324000	0	0	0	0	0	0	0	0	0	0	0	0
32328000	0	0	0	0	0	0	0	0	0	0	0	0
32333000	0	0	0	0	0	0	0	0	0	0	0	0
32336000	0	0	0	0	0	0	0	0	0	0	0	0
32340000	0	0	0	0	0	0	0	0	0	0	0	0
32345000	0	0	0	0	0	0	0	0	0	0	0	0
32348000	0	0	0	0	0	0	0	0	0	0	0	0
32352000	0	0	0	0	0	0	0	0	0	0	0	0
32356000	0	0	0	0	0	0	0	0	0	0	0	0
32360000	0	0	0	0	0	0	0	0	0	0	0	0
32364000	0	0	0	0	0	0	0	0	0	0	0	0
32368000	0	0	0	0	0	0	0	0	0	0	0	0
32372000	0	0	0	0	0	0	0	0	0	0	0	0
32377000	0	0	0	0	0	0	0	0	0	0	0	0
32380000	0	0	0	0	0	0	0	0	0	0	0	0
32384000	0	0	0	0	0	0	0	0	0	0	0	0
32388000	0	0	0	0	0	0	0	0	0	0	0	0
32392000	0	0	0	0	0	0	0	0	0	0	0	0
32396000	0	0	0	0	0	0	0	0	0	0	0	0
32400000	0	0	0	0	0	0	0	0	0	0	0	0
32404000	0	0	0	0	0	0	0	0	0	0	0	0
32408000	0	0	0	0	0	0	0	0	0	0	0	0
32412000	0	0	0	0	0	0	0	0	0	0	0	0
32416000	0	0	0	0	0	0	0	0	0	0	0	0
32420000	0	0	0	0	0	0	0	0	0	0	0	0
32424000	0	0	0	0	0	0	0	0	0	0	0	0
32428000	0	0	0	0	0	0	0	0	0	0	0	0
32432000	0	0	0	0	0	0	0	0	0	0	0	0
32436000	0	0	0	0	0	0	0	0	0	0	0	0
32440000	0	0	0	0	0	0	0	0	0	0	0	0
32444000	0	0	0	0	0	0	0	0	0	0	0	0
32448000	0	0	0	0	0	0	0	0	0	0	0	0
32452000	0	0	0	0	0	0	0	0	0	0	0	0
32456000	0	0	0	0	0	0	0	0	0	0	0	0
32460000	0	0	0	0	0	0	0	0	0	0	0	0
32464000	0	0	0	0	0	0	0	0	0	0	0	0
32468000	0	0	0	0	0	0	0	0	0	0	0	0
32472000	0	0	0	0	0	0	0	0	0	0	0	0
32476000	0	0	0	0	0	0	0	0	0	0	0	0
32480000	0	0	0	0	0	0	0	0	0	0	0	0
32484000	0	0	0	0	0	0	0	0	0	0	0	0
32488000	0	0	0	0	0	0	0	0	0	0	0	0
32492000	0	0	0	0	0	0	0	0	0	0	0	0
32496000	0	0	0	0	0	0	0	0	0	0	0	0
32500000	0	0	0	0	0	0	0	0	0	0	0	0
32504000	0	0	0	0	0	0	0	0	0	0	0	0
32508000	0	0	0	0	0	0	0	0	0	0	0	0
32512000	0	0	0	0	0	0	0	0	0	0	0	0
32516000	0	0	0	0	0	0	0	0	0	0	0	0
32520000	0	0	0	0	0	0	0	0	0	0	0	0
32524000	0	0	0	0	0	0	0	0	0	0	0	0
32528000	0	0	0	0	0	0	0	0	0	0	0	0
32532000	0	0	0	0	0	0	0	0	0	0	0	0
32536000	0	0	0	0	0	0	0	0	0	0	0	0
32540000	0	0	0	0	0	0	0	0	0	0	0	0
32544000	0	0	0	0	0	0	0	0	0	0	0	0
32548000	0	0	0	0	0	0	0	0	0	0	0	0
32552000	0	0	0	0	0	0	0	0	0	0	0	0
32556000	0	0	0	0	0	0	0	0	0	0	0	0
32560000	0	0	0	0	0	0	0	0	0	0	0	0
32564000	0	0	0	0	0	0	0	0	0	0	0	0
32568000	0	0	0	0	0	0	0	0	0	0	0	0
32572000	0	0	0	0	0	0	0	0	0	0	0	0
32576000	0	0	0	0	0	0	0	0	0	0	0	0
32580000	0	0	0	0	0	0	0	0	0	0	0	0
32584000	0	0	0	0	0	0	0	0	0	0	0	0
32589000	0	0	0	0	0	0	0	0	0	0	0	0
32592000	0	0	0	0	0	0	0	0	0	0	0	0
32596000	0	0	0	0	0	0	0	0	0	0	0	0
32600000	0	0	0	0	0	0	0	0	0	0	0	0
32604000	0	0	0	0	0	0	0	0	0	0	0	0
32608000	0	0	0	0	0	0	0	0	0	0	0	0
32612000	0	0	0	0	0	0	0	0	0	0	0	0
32616000	0	0	0	0	0	0	0	0	0	0	0	0
32620000	0	0	0	0	0	0	0	0	0	0	0	0
32624000	0	0	0	0	0	0	0	0	0	0	0	0
32628000	0	0	0	0	0	0	0	0	0	0	0	0
32632000	0	0	0	0	0	0	0	0	0	0	0	0
32636000	0	0	0	0	0	0	0	0	0	0	0	0
32640000	0	0	0	0	0	0	0	0	0	0	0	0
32644000	0	0	0	0	0	0	0	0	0	0	0	0
32648000	0	0	0	0	0	0	0	0	0	0	0	0
32652000	0	0	0	0	0	0	0	0	0	0	0	0
32656000	0	0	0	0	0	0	0	0	0	0	0	0
32660000	0	0	0	0	0	0	0	0	0	0	0	0
32664000	0	0	0	0	0	0	0	0	0	0	0	0
32668000	0	0	0	0	0	0	0	0	0	0	0	0
32672000	0	0	0	0	0	0	0	0	0	0	0	0
32676000	0	0	0	0	0	0	0	0	0	0	0	0
32680000	0	0	0	0	0	0	0	0	0	0	0	0
32684000	0	0	0	0	0	0	0	0	0	0	0	0
32688000	0	0	0	0	0	0	0	0	0	0	0	0
32692000	0	0	0	0	0	0	0	0	0	0	0	0
32696000	0	0	0	0	0	0	0	0	0	0	0	0
32700000	0	0	0	0	0	0	0	0	0	0	0	0
32705000	0	0	0	0	0	0	0	0	0	0	0	0
32708000	0	0	0	0	0	0	0	0	0	0	0	0
32712000	0	0	0	0	0	0	0	0	0	0	0	0
32716000	0	0	0	0	0	0	0	0	0	0	0	0
32721000	0	0	0	0	0	0	0	0	0	0	0	0
32724000	0	0	0	0	0	0	0	0	0	0	0	0
32728000	0	0	0	0	0	0	0	0	0	0	0	0
32732000	0	0	0	0	0	0	0	0	0	0	0	0
32737000	0	0	0	0	0	0	0	0	0	0	0	0
32740000	0	0	0	0	0	0	0	0	0	0	0	0
32744000	0	0	0	0	0	0	0	0	0	0	0	0
32748000	0	0	0	0	0	0	0	0	0	0	0	0
32753000	0	0	0	0	0	0	0	0	0	0	0	0
32756000	0	0	0	0	0	0	0	0	0	0	0	0
32760000	0	0	0	0	0	0	0	0	0	0	0	0
32764000	0	0	0	0	0	0	0	0	0	0	0	0
32768000	0	0	0	0	0	0	0	0	0	0	0	0
32772000	0	0	0	0	0	0	0	0	0	0	0	0
32776000	0	0	0	0	0	0	0	0	0	0	0	0
32780000	0	0	0	0	0	0	0	0	0	0	0	0
32784000	0	0	0	0	0	0	0	0	0	0	0	0
32791000	0	0	0	0	0	0	0	0	0	0	0	0
32796000	0	0	0	0	0	0	0	0	0	0	0	0
32800000	0	0	0	0	0	0	0	0	0	0	0	0
32804000	0	0	0	0	0	0	0	0	0	0	0	0
32808000	0	0	0	0	0	0	0	0	0	0	0	0
32816000	0	0	0	0	0	0	0	0	0	0	0	0
32820000	0	0	0	0	0	0	0	0	0	0	0	0
32824000	0	0	0	0	0	0	0	0	0	0	0	0
32828000	0	0	0	0	0	0	0	0	0	0	0	0
32832000	0	0	0	0	0	0	0	0	0	0	0	0
32839000	0	0	0	0	0	0	0	0	0	0	0	0
32844000	0	0	0	0	0	0	0	0	0	0	0	0
32848000	0	0	0	0	0	0	0	0	0	0	0	0
32852000	0	0	0	0	0	0	0	0	0	0	0	0
32857000	0	0	0	0	0	0	0	0	0	0	0	0
32864000	0	0	0	0	0	0	0	0	0	0	0	0
32868000	0	0	0	0	0	0	0	0	0	0	0	0
32872000	0	0	0	0	0	0	0	0	0	0	0	0
32876000	0	0	0	0	0	0	0	0	0	0	0	0
32880000	0	0	0	0	0	0	0	0	0	0	0	0
32884000	0	0	0	0	0	0	0	0	0	0	0	0
32888000	0	0	0	0	0	0	0	0	0	0	0	0
32892000	0	0	0	0	0	0	0	0	0	0	0	0
32896000	0	0	0	0	0	0	0	0	0	0	0	0
32900000	0	0	0	0	0	0	0	0	0	0	0	0
32904000	0	0	0	0	0	0	0	0	0	0	0	0
32908000	0	0	0	0	0	0	0	0	0	0	0	0
32912000	0	0	0	0	0	0	0	0	0	0	0	0
32916000	0	0	0	0	0	0	0	0	0	0	0	0
32920000	0	0	0	0	0	0	0	0	0	0	0	0
32924000	0	0	0	0	0	0	0	0	0	0	0	0
32928000	0	0	0	0	0	0	0	0	0	0	0	0
32932000	0	0	0	0	0	0	0	0	0	0	0	0
32939000	0	0	0	0	0	0	0	0	0	0	0	0
32944000	0	0	0	0	0	0	0	0	0	0	0	0
32948000	0	0	0	0	0	0	0	0	0	0	0	0
32952000	0	0	0	0	0	0	0	0	0	0	0	0
32956000	0	0	0	0	0	0	0	0	0	0	0	0
32960000	0	0	0	0	0	0	0	0	0	0	0	0
32964000	0	0	0	0	0	0	0	0	0	0	0	0
32968000	0	0	0	0	0	0	0	0	0	0	0	0
32972000	0	0	0	0	0	0	0	0	0	0	0	0
32976000	0	0	0	0	0	0	0	0	0	0	0	0
32980000	0	0	0	0	0	0	0	0	0	0	0	0
32984000	0	0	0	0	0	0	0	0	0	0	0	0
32988000	0	0	0	0	0	0	0	0	0	0	0	0
32992000	0	0	0	0	0	0	0	0	0	0	0	0
32996000	0	0	0	0	0	0	0	0	0	0	0	0
33000000	0	0	0	0	0	0	0	0	0	0	0	0
33004000	0	0	0	0	0	0	0	0	0	0	0	0
33008000	0	0	0	0	0	0	0	0	0	0	0	0
33012000	0	0	0	0	0	0	0	0	0	0	0	0
33016000	0	0	0	0	0	0	0	0	0	0	0	0
33020000	0	0	0	0	0	0	0	0	0	0	0	0
33024000	0	0	0	0	0	0	0	0	0	0	0	0
33028000	0	0	0	0	0	0	0	0	0	0	0	0
33032000	0	0	0	0	0	0	0	0	0	0	0	0
33036000	0	0	0	0	0	0	0	0	0	0	0	0
33040000	0	0	0	0	0	0	0	0	0	0	0	0
33044000	0	0	0	0	0	0	0	0	0	0	0	0
33048000	0	0	0	0	0	0	0	0	0	0	0	0
33052000	0	0	0	0	0	0	0	0	0	0	0	0
33056000	0	0	0	0	0	0	0	0	0	0	0	0
33060000	0	0	0	0	0	0	0	0	0	0	0	0
33064000	0	0	0	0	0	0	0	0	0	0	0	0
33068000	0	0	0	0	0	0	0	0	0	0	0	0
33072000	0	0	0	0	0	0	0	0	0	0	0	0
33076000	0	0	0	0	0	0	0	0	0	0	0	0
33080000	0	0	0	0	0	0	0	0	0	0	0	0
33084000	0	0	0	0	0	0	0	0	0	0	0	0
33088000	0	0	0	0	0	0	0	0	0	0	0	0
33092000	0	0	0	0	0	0	0	0	0	0	0	0
33096000	0	0	0	0	0	0	0	0	0	0	0	0
33100000	0	0	0	0	0	0	0	0	0	0	0	0
33104000	0	0	0	0	0	0	0	0	0	0	0	0
33108000	0	0	0	0	0	0	0	0	0	0	0	0
33112000	0	0	0	0	0	0	0	0	0	0	0	0
33116000	0	0	0	0	0	0	0	0	0	0	0	0
33120000	0	0	0	0	0	0	0	0	0	0	0	0
33124000	0	0	0	0	0	0	0	0	0	0	0	0
33128000	0	0	0	0	0	0	0	0	0	0	0	0
33132000	0	0	0	0	0	0	0	0	0	0	0	0
33136000	0	0	0	0	0	0	0	0	0	0	0	0
33140000	0	0	0	0	0	0	0	0	0	0	0	0
33144000	0	0	0	0	0	0	0	0	0	0	0	0
33148000	0	0	0	0	0	0	0	0	0	0	0	0
33152000	0	0	0	0	0	0	0	0	0	0	0	0
33156000	0	0	0	0	0	0	0	0	0	0	0	0
33160000	0	0	0	0	0	0	0	0	0	0	0	0
33164000	0	0	0	0	0	0	0	0	0	0	0	0
33168000	0	0	0	0	0	0	0	0	0	0	0	0
33172000	0	0	0	0	0	0	0	0	0	0	0	0
33176000	0	0	0	0	0	0	0	0	0	0	0	0
33180000	0	0	0	0	0	0	0	0	0	0	0	0
33184000	0	0	0	0	0	0	0	0	0	0	0	0
33188000	0	0	0	0	0	0	0	0	0	0	0	0
33192000	0	0	0	0	0	0	0	0	0	0	0	0
33196000	0	0	0	0	0	0	0	0	0	0	0	0
33200000	0	0	0	0	0	0	0	0	0	0	0	0
33204000	0	0	0	0	0	0	0	0	0	0	0	0
33208000	0	0	0	0	0	0	0	0	0	0	0	0
33212000	0	0	0	0	0	0	0	0	0	0	0	0
33216000	0	0	0	0	0	0	0	0	0	0	0	0
33220000	0	0	0	0	0	0	0	0	0	0	0	0
33224000	0	0	0	0	0	0	0	0	0	0	0	0
33228000	0	0	0	0	0	0	0	0	0	0	0	0
33232000	0	0	0	0	0	0	0	0	0	0	0	0
33236000	0	0	0	0	0	0	0	0	0	0	0	0
33241000	0	0	0	0	0	0	0	0	0	0	0	0
33244000	0	0	0	0	0	0	0	0	0	0	0	0
33248000	0	0	0	0	0	0	0	0	0	0	0	0
33252000	0	0	0	0	0	0	0	0	0	0	0	0
33256000	0	0	0	0	0	0	0	0	0	0	0	0
33260000	0	0	0	0	0	0	0	0	0	0	0	0
33264000	0	0	0	0	0	0	0	0	0	0	0	0
33268000	0	0	0	0	0	0	0	0	0	0	0	0
33272000	0	0	0	0	0	0	0	0	0	0	0	0
33276000	0	0	0	0	0	0	0	0	0	0	0	0
33280000	0	0	0	0	0	0	0	0	0	0	0	0
33284000	0	0	0	0	0	0	0	0	0	0	0	0
33288000	0	0	0	0	0	0	0	0	0	0	0	0
33292000	0	0	0	0	0	0	0	0	0	0	0	0
33296000	0	0	0	0	0	0	0	0	0	0	0	0
33300000	0	0	0	0	0	0	0	0	0	0	0	0
33304000	0	0	0	0	0	0	0	0	0	0	0	0
33308000	0	0	0	0	0	0	0	0	0	0	0	0
33312000	0	0	0	0	0	0	0	0	0	0	0	0
33316000	0	0	0	0	0	0	0	0	0	0	0	0
33320000	0	0	0	0	0	0	0	0	0	0	0	0
33324000	0	0	0	0	0	0	0	0	0	0	0	0
33328000	0	0	0	0	0	0	0	0	0	0	0	0
33332000	0	0	0	0	0	0	0	0	0	0	0	0
33336000	0	0	0	0	0	0	0	0	0	0	0	0
33340000	0	0	0	0	0	0	0	0	0	0	0	0
33344000	0	0	0	0	0	0	0	0	0	0	0	0
33348000	0	0	0	0	0	0	0	0	0	0	0	0
33352000	0	0	0	0	0	0	0	0	0	0	0	0
33356000	0	0	0	0	0	0	0	0	0	0	0	0
33360000	0	0	0	0	0	0	0	0	0	0	0	0
33364000	0	0	0	0	0	0	0	0	0	0	0	0
33369000	0	0	0	0	0	0	0	0	0	0	0	0
33375000	0	0	0	0	0	0	0	0	0	0	0	0
33380000	0	0	0	0	0	0	0	0	0	0	0	0
33384000	0	0	0	0	0	0	0	0	0	0	0	0
33388000	0	0	0	0	0	0	0	0	0	0	0	0
33392000	0	0	0	0	0	0	0	0	0	0	0	0
33396000	0	0	0	0	0	0	0	0	0	0	0	0
33402000	0	0	0	0	0	0	0	0	0	0	0	0
33408000	0	0	0	0	0	0	0	0	0	0	0	0
33412000	0	0	0	0	0	0	0	0	0	0	0	0
33416000	0	0	0	0	0	0	0	0	0	0	0	0
33420000	0	0	0	0	0	0	0	0	0	0	0	0
33424000	0	0	0	0	0	0	0	0	0	0	0	0
33428000	0	0	0	0	0	0	0	0	0	0	0	0
33432000	0	0	0	0	0	0	0	0	0	0	0	0
33436000	0	0	0	0	0	0	0	0	0	0	0	0
33440000	0	0	0	0	0	0	0	0	0	0	0	0
33444000	0	0	0	0	0	0	0	0	0	0	0	0
33449000	0	0	0	0	0	0	0	0	0	0	0	0
33452000	0	0	0	0	0	0	0	0	0	0	0	0
33456000	0	0	0	0	0	0	0	0	0	0	0	0
33460000	0	0	0	0	0	0	0	0	0	0	0	0
33464000	0	0	0	0	0	0	0	0	0	0	0	0
33468000	0	0	0	0	0	0	0	0	0	0	0	0
33472000	0	0	0	0	0	0	0	0	0	0	0	0
33476000	0	0	0	0	0	0	0	0	0	0	0	0
33480000	0	0	0	0	0	0	0	0	0	0	0	0
33484000	0	0	0	0	0	0	0	0	0	0	0	0
33488000	0	0	0	0	0	0	0	0	0	0	0	0
33492000	0	0	0	0	0	0	0	0	0	0	0	0
33496000	0	0	0	0	0	0	0	0	0	0	0	0
33500000	0	0	0	0	0	0	0	0	0	0	0	0
33504000	0	0	0	0	0	0	0	0	0	0	0	0
33508000	0	0	0	0	0	0	0	0	0	0	0	0
33512000	0	0	0	0	0	0	0	0	0	0	0	0
33516000	0	0	0	0	0	0	0	0	0	0	0	0
33520000	0	0	0	0	0	0	0	0	0	0	0	0
33524000	0	0	0	0	0	0	0	0	0	0	0	0
33528000	0	0	0	0	0	0	0	0	0	0	0	0
33536000	0	0	0	0	0	0	0	0	0	0	0	0
33540000	0	0	0	0	0	0	0	0	0	0	0	0
33548000	0	0	0	0	0	0	0	0	0	0	0	0
33552000	0	0	0	0	0	0	0	0	0	0	0	0
33556000	0	0	0	0	0	0	0	0	0	0	0	0
33561000	0	0	0	0	0	0	0	0	0	0	0	0
33564000	0	0	0	0	0	0	0	0	0	0	0	0
33568000	0	0	0	0	0	0	0	0	0	0	0	0
33572000	0	0	0	0	0	0	0	0	0	0	0	0
33580000	0	0	0	0	0	0	0	0	0	0	0	0
33584000	0	0	0	0	0	0	0	0	0	0	0	0
33588000	0	0	0	0	0	0	0	0	0	0	0	0
33592000	0	0	0	0	0	0	0	0	0	0	0	0
33596000	0	0	0	0	0	0	0	0	0	0	0	0
33600000	0	0	0	0	0	0	0	0	0	0	0	0
33604000	0	0	0	0	0	0	0	0	0	0	0	0
33608000	0	0	0	0	0	0	0	0	0	0	0	0
33612000	0	0	0	0	0	0	0	0	0	0	0	0
33616000	0	0	0	0	0	0	0	0	0	0	0	0
33620000	0	0	0	0	0	0	0	0	0	0	0	0
33624000	0	0	0	0	0	0	0	0	0	0	0	0
33628000	0	0	0	0	0	0	0	0	0	0	0	0
33632000	0	0	0	0	0	0	0	0	0	0	0	0
33636000	0	0	0	0	0	0	0	0	0	0	0	0
33640000	0	0	0	0	0	0	0	0	0	0	0	0
33644000	0	0	0	0	0	0	0	0	0	0	0	0
33648000	0	0	0	0	0	0	0	0	0	0	0	0
33652000	0	0	0	0	0	0	0	0	0	0	0	0
33656000	0	0	0	0	0	0	0	0	0	0	0	0
33660000	0	0	0	0	0	0	0	0	0	0	0	0
33664000	0	0	0	0	0	0	0	0	0	0	0	0
33668000	0	0	0	0	0	0	0	0	0	0	0	0
33672000	0	0	0	0	0	0	0	0	0	0	0	0
33676000	0	0	0	0	0	0	0	0	0	0	0	0
33680000	0	0	0	0	0	0	0	0	0	0	0	0
33684000	0	0	0	0	0	0	0	0	0	0	0	0
33688000	0	0	0	0	0	0	0	0	0	0	0	0
33692000	0	0	0	0	0	0	0	0	0	0	0	0
33696000	0	0	0	0	0	0	0	0	0	0	0	0
33700000	0	0	0	0	0	0	0	0	0	0	0	0
33704000	0	0	0	0	0	0	0	0	0	0	0	0
33708000	0	0	0	0	0	0	0	0	0	0	0	0
33712000	0	0	0	0	0	0	0	0	0	0	0	0
33716000	0	0	0	0	0	0	0	0	0	0	0	0
33720000	0	0	0	0	0	0	0	0	0	0	0	0
33724000	0	0	0	0	0	0	0	0	0	0	0	0
33728000	0	0	0	0	0	0	0	0	0	0	0	0
33732000	0	0	0	0	0	0	0	0	0	0	0	0
33736000	0	0	0	0	0	0	0	0	0	0	0	0
33740000	0	0	0	0	0	0	0	0	0	0	0	0
33744000	0	0	0	0	0	0	0	0	0	0	0	0
33748000	0	0	0	0	0	0	0	0	0	0	0	0
33752000	0	0	0	0	0	0	0	0	0	0	0	0
33756000	0	0	0	0	0	0	0	0	0	0	0	0
33760000	0	0	0	0	0	0	0	0	0	0	0	0
33764000	0	0	0	0	0	0	0	0	0	0	0	0
33768000	0	0	0	0	0	0	0	0	0	0	0	0
33772000	0	0	0	0	0	0	0	0	0	0	0	0
33776000	0	0	0	0	0	0	0	0	0	0	0	0
33780000	0	0	0	0	0	0	0	0	0	0	0	0
33784000	0	0	0	0	0	0	0	0	0	0	0	0
33788000	0	0	0	0	0	0	0	0	0	0	0	0
33792000	0	0	0	0	0	0	0	0	0	0	0	0
33796000	0	0	0	0	0	0	0	0	0	0	0	0
33800000	0	0	0	0	0	0	0	0	0	0	0	0
33804000	0	0	0	0	0	0	0	0	0	0	0	0
33808000	0	0	0	0	0	0	0	0	0	0	0	0
33812000	0	0	0	0	0	0	0	0	0	0	0	0
33816000	0	0	0	0	0	0	0	0	0	0	0	0
33820000	0	0	0	0	0	0	0	0	0	0	0	0
33824000	0	0	0	0	0	0	0	0	0	0	0	0
33828000	0	0	0	0	0	0	0	0	0	0	0	0
33832000	0	0	0	0	0	0	0	0	0	0	0	0
33836000	0	0	0	0	0	0	0	0	0	0	0	0
33840000	0	0	0	0	0	0	0	0	0	0	0	0
33844000	0	0	0	0	0	0	0	0	0	0	0	0
33848000	0	0	0	0	0	0	0	0	0	0	0	0
33852000	0	0	0	0	0	0	0	0	0	0	0	0
33857000	0	0	0	0	0	0	0	0	0	0	0	0
33860000	0	0	0	0	0	0	0	0	0	0	0	0
33864000	0	0	0	0	0	0	0	0	0	0	0	0
33868000	0	0	0	0	0	0	0	0	0	0	0	0
33872000	0	0	0	0	0	0	0	0	0	0	0	0
33876000	0	0	0	0	0	0	0	0	0	0	0	0
33880000	0	0	0	0	0	0	0	0	0	0	0	0
33884000	0	0	0	0	0	0	0	0	0	0	0	0
33888000	0	0	0	0	0	0	0	0	0	0	0	0
33892000	0	0	0	0	0	0	0	0	0	0	0	0
33896000	0	0	0	0	0	0	0	0	0	0	0	0
33900000	0	0	0	0	0	0	0	0	0	0	0	0
33904000	0	0	0	0	0	0	0	0	0	0	0	0
33908000	0	0	0	0	0	0	0	0	0	0	0	0
33912000	0	0	0	0	0	0	0	0	0	0	0	0
33916000	0	0	0	0	0	0	0	0	0	0	0	0
33920000	0	0	0	0	0	0	0	0	0	0	0	0
33924000	0	0	0	0	0	0	0	0	0	0	0	0
33928000	0	0	0	0	0	0	0	0	0	0	0	0
33932000	0	0	0	0	0	0	0	0	0	0	0	0
33936000	0	0	0	0	0	0	0	0	0	0	0	0
33940000	0	0	0	0	0	0	0	0	0	0	0	0
33944000	0	0	0	0	0	0	0	0	0	0	0	0
33948000	0	0	0	0	0	0	0	0	0	0	0	0
33952000	0	0	0	0	0	0	0	0	0	0	0	0
33956000	0	0	0	0	0	0	0	0	0	0	0	0
33960000	0	0	0	0	0	0	0	0	0	0	0	0
33964000	0	0	0	0	0	0	0	0	0	0	0	0
33968000	0	0	0	0	0	0	0	0	0	0	0	0
33972000	0	0	0	0	0	0	0	0	0	0	0	0
33976000	0	0	0	0	0	0	0	0	0	0	0	0
33980000	0	0	0	0	0	0	0	0	0	0	0	0
33984000	0	0	0	0	0	0	0	0	0	0	0	0
33988000	0	0	0	0	0	0	0	0	0	0	0	0
33992000	0	0	0	0	0	0	0	0	0	0	0	0
33996000	0	0	0	0	0	0	0	0	0	0	0	0
34000000	0	0	0	0	0	0	0	0	0	0	0	0
34004000	0	0	0	0	0	0	0	0	0	0	0	0
34008000	0	0	0	0	0	0	0	0	0	0	0	0
34012000	0	0	0	0	0	0	0	0	0	0	0	0
34016000	0	0	0	0	0	0	0	0	0	0	0	0
34020000	0	0	0	0	0	0	0	0	0	0	0	0
34024000	0	0	0	0	0	0	0	0	0	0	0	0
34028000	0	0	0	0	0	0	0	0	0	0	0	0
34032000	0	0	0	0	0	0	0	0	0	0	0	0
34037000	0	0	0	0	0	0	0	0	0	0	0	0
34040000	0	0	0	0	0	0	0	0	0	0	0	0
34044000	0	0	0	0	0	0	0	0	0	0	0	0
34048000	0	0	0	0	0	0	0	0	0	0	0	0
34053000	0	0	0	0	0	0	0	0	0	0	0	0
34056000	0	0	0	0	0	0	0	0	0	0	0	0
34060000	0	0	0	0	0	0	0	0	0	0	0	0
34064000	0	0	0	0	0	0	0	0	0	0	0	0
34069000	0	0	0	0	0	0	0	0	0	0	0	0
34072000	0	0	0	0	0	0	0	0	0	0	0	0
34076000	0	0	0	0	0	0	0	0	0	0	0	0
34080000	0	0	0	0	0	0	0	0	0	0	0	0
34084000	0	0	0	0	0	0	0	0	0	0	0	0
34088000	0	0	0	0	0	0	0	0	0	0	0	0
34092000	0	0	0	0	0	0	0	0	0	0	0	0
34096000	0	0	0	0	0	0	0	0	0	0	0	0
34100000	0	0	0	0	0	0	0	0	0	0	0	0
34104000	0	0	0	0	0	0	0	0	0	0	0	0
34108000	0	0	0	0	0	0	0	0	0	0	0	0
34112000	0	0	0	0	0	0	0	0	0	0	0	0
34116000	0	0	0	0	0	0	0	0	0	0	0	0
34120000	0	0	0	0	0	0	0	0	0	0	0	0
34124000	0	0	0	0	0	0	0	0	0	0	0	0
34128000	0	0	0	0	0	0	0	0	0	0	0	0
34132000	0	0	0	0	0	0	0	0	0	0	0	0
34140000	0	0	0	0	0	0	0	0	0	0	0	0
34144000	0	0	0	0	0	0	0	0	0	0	0	0
34148000	0	0	0	0	0	0	0	0	0	0	0	0
34152000	0	0	0	0	0	0	0	0	0	0	0	0
34156000	0	0	0	0	0	0	0	0	0	0	0	0
34160000	0	0	0	0	0	0	0	0	0	0	0	0
34164000	0	0	0	0	0	0	0	0	0	0	0	0
34168000	0	0	0	0	0	0	0	0	0	0	0	0
34172000	0	0	0	0	0	0	0	0	0	0	0	0
34176000	0	0	0	0	0	0	0	0	0	0	0	0
34180000	0	0	0	0	0	0	0	0	0	0	0	0
34184000	0	0	0	0	0	0	0	0	0	0	0	0
34188000	0	0	0	0	0	0	0	0	0	0	0	0
34192000	0	0	0	0	0	0	0	0	0	0	0	0
34196000	0	0	0	0	0	0	0	0	0	0	0	0
34200000	0	0	0	0	0	0	0	0	0	0	0	0
34204000	0	0	0	0	0	0	0	0	0	0	0	0
34208000	0	0	0	0	0	0	0	0	0	0	0	0
34212000	0	0	0	0	0	0	0	0	0	0	0	0
34216000	0	0	0	0	0	0	0	0	0	0	0	0
34221000	0	0	0	0	0	0	0	0	0	0	0	0
34224000	0	0	0	0	0	0	0	0	0	0	0	0
34228000	0	0	0	0	0	0	0	0	0	0	0	0
34232000	0	0	0	0	0	0	0	0	0	0	0	0
34237000	0	0	0	0	0	0	0	0	0	0	0	0
34240000	0	0	0	0	0	0	0	0	0	0	0	0
34244000	0	0	0	0	0	0	0	0	0	0	0	0
34248000	0	0	0	0	0	0	0	0	0	0	0	0
34253000	0	0	0	0	0	0	0	0	0	0	0	0
34256000	0	0	0	0	0	0	0	0	0	0	0	0
34260000	0	0	0	0	0	0	0	0	0	0	0	0
34264000	0	0	0	0	0	0	0	0	0	0	0	0
34268000	0	0	0	0	0	0	0	0	0	0	0	0
34272000	0	0	0	0	0	0	0	0	0	0	0	0
34276000	0	0	0	0	0	0	0	0	0	0	0	0
34280000	0	0	0	0	0	0	0	0	0	0	0	0
34284000	0	0	0	0	0	0	0	0	0	0	0	0
34288000	0	0	0	0	0	0	0	0	0	0	0	0
34292000	0	0	0	0	0	0	0	0	0	0	0	0
34296000	0	0	0	0	0	0	0	0	0	0	0	0
34300000	0	0	0	0	0	0	0	0	0	0	0	0
34304000	0	0	0	0	0	0	0	0	0	0	0	0
34308000	0	0	0	0	0	0	0	0	0	0	0	0
34312000	0	0	0	0	0	0	0	0	0	0	0	0
34316000	0	0	0	0	0	0	0	0	0	0	0	0
34320000	0	0	0	0	0	0	0	0	0	0	0	0
34324000	0	0	0	0	0	0	0	0	0	0	0	0
34328000	0	0	0	0	0	0	0	0	0	0	0	0
34332000	0	0	0	0	0	0	0	0	0	0	0	0
34336000	0	0	0	0	0	0	0	0	0	0	0	0
34340000	0	0	0	0	0	0	0	0	0	0	0	0
34344000	0	0	0	0	0	0	0	0	0	0	0	0
34348000	0	0	0	0	0	0	0	0	0	0	0	0
34352000	0	0	0	0	0	0	0	0	0	0	0	0
34356000	0	0	0	0	0	0	0	0	0	0	0	0
34360000	0	0	0	0	0	0	0	0	0	0	0	0
34364000	0	0	0	0	0	0	0	0	0	0	0	0
34368000	0	0	0	0	0	0	0	0	0	0	0	0
34372000	0	0	0	0	0	0	0	0	0	0	0	0
34376000	0	0	0	0	0	0	0	0	0	0	0	0
34380000	0	0	0	0	0	0	0	0	0	0	0	0
34384000	0	0	0	0	0	0	0	0	0	0	0	0
34388000	0	0	0	0	0	0	0	0	0	0	0	0
34392000	0	0	0	0	0	0	0	0	0	0	0	0
34396000	0	0	0	0	0	0	0	0	0	0	0	0
34401000	0	0	0	0	0	0	0	0	0	0	0	0
34404000	0	0	0	0	0	0	0	0	0	0	0	0
34408000	0	0	0	0	0	0	0	0	0	0	0	0
34412000	0	0	0	0	0	0	0	0	0	0	0	0
34417000	0	0	0	0	0	0	0	0	0	0	0	0
34420000	0	0	0	0	0	0	0	0	0	0	0	0
34424000	0	0	0	0	0	0	0	0	0	0	0	0
34428000	0	0	0	0	0	0	0	0	0	0	0	0
34433000	0	0	0	0	0	0	0	0	0	0	0	0
34436000	0	0	0	0	0	0	0	0	0	0	0	0
34440000	0	0	0	0	0	0	0	0	0	0	0	0
34444000	0	0	0	0	0	0	0	0	0	0	0	0
34448000	0	0	0	0	0	0	0	0	0	0	0	0
34452000	0	0	0	0	0	0	0	0	0	0	0	0
34456000	0	0	0	0	0	0	0	0	0	0	0	0
34460000	0	0	0	0	0	0	0	0	0	0	0	0
34464000	0	0	0	0	0	0	0	0	0	0	0	0
34468000	0	0	0	0	0	0	0	0	0	0	0	0
34472000	0	0	0	0	0	0	0	0	0	0	0	0
34476000	0	0	0	0	0	0	0	0	0	0	0	0
34480000	0	0	0	0	0	0	0	0	0	0	0	0
34484000	0	0	0	0	0	0	0	0	0	0	0	0
34488000	0	0	0	0	0	0	0	0	0	0	0	0
34492000	0	0	0	0	0	0	0	0	0	0	0	0
34496000	0	0	0	0	0	0	0	0	0	0	0	0
34500000	0	0	0	0	0	0	0	0	0	0	0	0
34504000	0	0	0	0	0	0	0	0	0	0	0	0
34508000	0	0	0	0	0	0	0	0	0	0	0	0
34512000	0	0	0	0	0	0	0	0	0	0	0	0
34516000	0	0	0	0	0	0	0	0	0	0	0	0
34520000	0	0	0	0	0	0	0	0	0	0	0	0
34524000	0	0	0	0	0	0	0	0	0	0	0	0
34528000	0	0	0	0	0	0	0	0	0	0	0	0
34532000	0	0	0	0	0	0	0	0	0	0	0	0
34536000	0	0	0	0	0	0	0	0	0	0	0	0
34540000	0	0	0	0	0	0	0	0	0	0	0	0
34544000	0	0	0	0	0	0	0	0	0	0	0	0
34548000	0	0	0	0	0	0	0	0	0	0	0	0
34552000	0	0	0	0	0	0	0	0	0	0	0	0
34556000	0	0	0	0	0	0	0	0	0	0	0	0
34560000	0	0	0	0	0	0	0	0	0	0	0	0
34564000	0	0	0	0	0	0	0	0	0	0	0	0
34568000	0	0	0	0	0	0	0	0	0	0	0	0
34572000	0	0	0	0	0	0	0	0	0	0	0	0
34576000	0	0	0	0	0	0	0	0	0	0	0	0
34580000	0	0	0	0	0	0	0	0	0	0	0	0
34584000	0	0	0	0	0	0	0	0	0	0	0	0
34588000	0	0	0	0	0	0	0	0	0	0	0	0
34592000	0	0	0	0	0	0	0	0	0	0	0	0
34596000	0	0	0	0	0	0	0	0	0	0	0	0
34600000	0	0	0	0	0	0	0	0	0	0	0	0
34604000	0	0	0	0	0	0	0	0	0	0	0	0
34608000	0	0	0	0	0	0	0	0	0	0	0	0
34612000	0	0	0	0	0	0	0	0	0	0	0	0
34616000	0	0	0	0	0	0	0	0	0	0	0	0
34620000	0	0	0	0	0	0	0	0	0	0	0	0
34624000	0	0	0	0	0	0	0	0	0	0	0	0
34628000	0	0	0	0	0	0	0	0	0	0	0	0
34632000	0	0	0	0	0	0	0	0	0	0	0	0
34636000	0	0	0	0	0	0	0	0	0	0	0	0
34640000	0	0	0	0	0	0	0	0	0	0	0	0
34644000	0	0	0	0	0	0	0	0	0	0	0	0
34648000	0	0	0	0	0	0	0	0	0	0	0	0
34652000	0	0	0	0	0	0	0	0	0	0	0	0
34656000	0	0	0	0	0	0	0	0	0	0	0	0
34660000	0	0	0	0	0	0	0	0	0	0	0	0
34665000	0	0	0	0	0	0	0	0	0	0	0	0
34668000	0	0	0	0	0	0	0	0	0	0	0	0
34672000	0	0	0	0	0	0	0	0	0	0	0	0
34676000	0	0	0	0	0	0	0	0	0	0	0	0
34680000	0	0	0	0	0	0	0	0	0	0	0	0
34684000	0	0	0	0	0	0	0	0	0	0	0	0
34691000	0	0	0	0	0	0	0	0	0	0	0	0
34696000	0	0	0	0	0	0	0	0	0	0	0	0
34700000	0	0	0	0	0	0	0	0	0	0	0	0
34704000	0	0	0	0	0	0	0	0	0	0	0	0
34708000	0	0	0	0	0	0	0	0	0	0	0	0
34712000	0	0	0	0	0	0	0	0	0	0	0	0
34721000	0	0	0	0	0	0	0	0	0	0	0	0
34724000	0	0	0	0	0	0	0	0	0	0	0	0
34729000	0	0	0	0	0	0	0	0	0	0	0	0
34732000	0	0	0	0	0	0	0	0	0	0	0	0
34736000	0	0	0	0	0	0	0	0	0	0	0	0
34740000	0	0	0	0	0	0	0	0	0	0	0	0
34744000	0	0	0	0	0	0	0	0	0	0	0	0
34752000	0	0	0	0	0	0	0	0	0	0	0	0
34756000	0	0	0	0	0	0	0	0	0	0	0	0
34760000	0	0	0	0	0	0	0	0	0	0	0	0
34764000	0	0	0	0	0	0	0	0	0	0	0	0
34768000	0	0	0	0	0	0	0	0	0	0	0	0
34773000	0	0	0	0	0	0	0	0	0	0	0	0
34776000	0	0	0	0	0	0	0	0	0	0	0	0
34780000	0	0	0	0	0	0	0	0	0	0	0	0
34785000	0	0	0	0	0	0	0	0	0	0	0	0
34788000	0	0	0	0	0	0	0	0	0	0	0	0
34792000	0	0	0	0	0	0	0	0	0	0	0	0
34796000	0	0	0	0	0	0	0	0	0	0	0	0
34800000	0	0	0	0	0	0	0	0	0	0	0	0
34809000	0	0	0	0	0	0	0	0	0	0	0	0
34812000	0	0	0	0	0	0	0	0	0	0	0	0
34817000	0	0	0	0	0	0	0	0	0	0	0	0
34820000	0	0	0	0	0	0	0	0	0	0	0	0
34824000	0	0	0	0	0	0	0	0	0	0	0	0
34828000	0	0	0	0	0	0	0	0	0	0	0	0
34833000	0	0	0	0	0	0	0	0	0	0	0	0
34836000	0	0	0	0	0	0	0	0	0	0	0	0
34840000	0	0	0	0	0	0	0	0	0	0	0	0
34844000	0	0	0	0	0	0	0	0	0	0	0	0
34848000	0	0	0	0	0	0	0	0	0	0	0	0
34852000	0	0	0	0	0	0	0	0	0	0	0	0
34856000	0	0	0	0	0	0	0	0	0	0	0	0
34860000	0	0	0	0	0	0	0	0	0	0	0	0
34864000	0	0	0	0	0	0	0	0	0	0	0	0
34868000	0	0	0	0	0	0	0	0	0	0	0	0
34872000	0	0	0	0	0	0	0	0	0	0	0	0
34876000	0	0	0	0	0	0	0	0	0	0	0	0
34882000	0	0	0	0	0	0	0	0	0	0	0	0
34888000	0	0	0	0	0	0	0	0	0	0	0	0
34892000	0	0	0	0	0	0	0	0	0	0	0	0
34896000	0	0	0	0	0	0	0	0	0	0	0	0
34900000	0	0	0	0	0	0	0	0	0	0	0	0
34904000	0	0	0	0	0	0	0	0	0	0	0	0
34908000	0	0	0	0	0	0	0	0	0	0	0	0
34912000	0	0	0	0	0	0	0	0	0	0	0	0
34916000	0	0	0	0	0	0	0	0	0	0	0	0
34920000	0	0	0	0	0	0	0	0	0	0	0	0
34924000	0	0	0	0	0	0	0	0	0	0	0	0
34928000	0	0	0	0	0	0	0	0	0	0	0	0
34932000	0	0	0	0	0	0	0	0	0	0	0	0
34936000	0	0	0	0	0	0	0	0	0	0	0	0
34940000	0	0	0	0	0	0	0	0	0	0	0	0
34944000	0	0	0	0	0	0	0	0	0	0	0	0
34948000	0	0	0	0	0	0	0	0	0	0	0	0
34952000	0	0	0	0	0	0	0	0	0	0	0	0
34956000	0	0	0	0	0	0	0	0	0	0	0	0
34960000	0	0	0	0	0	0	0	0	0	0	0	0
34964000	0	0	0	0	0	0	0	0	0	0	0	0
34968000	0	0	0	0	0	0	0	0	0	0	0	0
34972000	0	0	0	0	0	0	0	0	0	0	0	0
34976000	0	0	0	0	0	0	0	0	0	0	0	0
34980000	0	0	0	0	0	0	0	0	0	0	0	0
34984000	0	0	0	0	0	0	0	0	0	0	0	0
34988000	0	0	0	0	0	0	0	0	0	0	0	0
34992000	0	0	0	0	0	0	0	0	0	0	0	0
34996000	0	0	0	0	0	0	0	0	0	0	0	0
35001000	0	0	0	0	0	0	0	0	0	0	0	0
35004000	0	0	0	0	0	0	0	0	0	0	0	0
35008000	0	0	0	0	0	0	0	0	0	0	0	0
35012000	0	0	0	0	0	0	0	0	0	0	0	0
35017000	0	0	0	0	0	0	0	0	0	0	0	0
35020000	0	0	0	0	0	0	0	0	0	0	0	0
35028000	0	0	0	0	0	0	0	0	0	0	0	0
35032000	0	0	0	0	0	0	0	0	0	0	0	0
35036000	0	0	0	0	0	0	0	0	0	0	0	0
35040000	0	0	0	0	0	0	0	0	0	0	0	0
35044000	0	0	0	0	0	0	0	0	0	0	0	0
35049000	0	0	0	0	0	0	0	0	0	0	0	0
35052000	0	0	0	0	0	0	0	0	0	0	0	0
35056000	0	0	0	0	0	0	0	0	0	0	0	0
35060000	0	0	0	0	0	0	0	0	0	0	0	0
35066000	0	0	0	0	0	0	0	0	0	0	0	0
35072000	0	0	0	0	0	0	0	0	0	0	0	0
35076000	0	0	0	0	0	0	0	0	0	0	0	0
35081000	0	0	0	0	0	0	0	0	0	0	0	0
35084000	0	0	0	0	0	0	0	0	0	0	0	0
35088000	0	0	0	0	0	0	0	0	0	0	0	0
35092000	0	0	0	0	0	0	0	0	0	0	0	0
35097000	0	0	0	0	0	0	0	0	0	0	0	0
35100000	0	0	0	0	0	0	0	0	0	0	0	0
35104000	0	0	0	0	0	0	0	0	0	0	0	0
35108000	0	0	0	0	0	0	0	0	0	0	0	0
35112000	0	0	0	0	0	0	0	0	0	0	0	0
35116000	0	0	0	0	0	0	0	0	0	0	0	0
35120000	0	0	0	0	0	0	0	0	0	0	0	0
35124000	0	0	0	0	0	0	0	0	0	0	0	0
35128000	0	0	0	0	0	0	0	0	0	0	0	0
35132000	0	0	0	0	0	0	0	0	0	0	0	0
35136000	0	0	0	0	0	0	0	0	0	0	0	0
35140000	0	0	0	0	0	0	0	0	0	0	0	0
35144000	0	0	0	0	0	0	0	0	0	0	0	0
35148000	0	0	0	0	0	0	0	0	0	0	0	0
35152000	0	0	0	0	0	0	0	0	0	0	0	0
35156000	0	0	0	0	0	0	0	0	0	0	0	0
35160000	0	0	0	0	0	0	0	0	0	0	0	0
35164000	0	0	0	0	0	0	0	0	0	0	0	0
35168000	0	0	0	0	0	0	0	0	0	0	0	0
35172000	0	0	0	0	0	0	0	0	0	0	0	0
35176000	0	0	0	0	0	0	0	0	0	0	0	0
35180000	0	0	0	0	0	0	0	0	0	0	0	0
35184000	0	0	0	0	0	0	0	0	0	0	0	0
35188000	0	0	0	0	0	0	0	0	0	0	0	0
35192000	0	0	0	0	0	0	0	0	0	0	0	0
35196000	0	0	0	0	0	0	0	0	0	0	0	0
35200000	0	0	0	0	0	0	0	0	0	0	0	0
35204000	0	0	0	0	0	0	0	0	0	0	0	0
35208000	0	0	0	0	0	0	0	0	0	0	0	0
35212000	0	0	0	0	0	0	0	0	0	0	0	0
35216000	0	0	0	0	0	0	0	0	0	0	0	0
35220000	0	0	0	0	0	0	0	0	0	0	0	0
35224000	0	0	0	0	0	0	0	0	0	0	0	0
35228000	0	0	0	0	0	0	0	0	0	0	0	0
35232000	0	0	0	0	0	0	0	0	0	0	0	0
35236000	0	0	0	0	0	0	0	0	0	0	0	0
35240000	0	0	0	0	0	0	0	0	0	0	0	0
35244000	0	0	0	0	0	0	0	0	0	0	0	0
35248000	0	0	0	0	0	0	0	0	0	0	0	0
35252000	0	0	0	0	0	0	0	0	0	0	0	0
35256000	0	0	0	0	0	0	0	0	0	0	0	0
35260000	0	0	0	0	0	0	0	0	0	0	0	0
35264000	0	0	0	0	0	0	0	0	0	0	0	0
35268000	0	0	0	0	0	0	0	0	0	0	0	0
35272000	0	0	0	0	0	0	0	0	0	0	0	0
35276000	0	0	0	0	0	0	0	0	0	0	0	0
35280000	0	0	0	0	0	0	0	0	0	0	0	0
35284000	0	0	0	0	0	0	0	0	0	0	0	0
35288000	0	0	0	0	0	0	0	0	0	0	0	0
35292000	0	0	0	0	0	0	0	0	0	0	0	0
35296000	0	0	0	0	0	0	0	0	0	0	0	0
35300000	0	0	0	0	0	0	0	0	0	0	0	0
35304000	0	0	0	0	0	0	0	0	0	0	0	0
35308000	0	0	0	0	0	0	0	0	0	0	0	0
35312000	0	0	0	0	0	0	0	0	0	0	0	0
35316000	0	0	0	0	0	0	0	0	0	0	0	0
35320000	0	0	0	0	0	0	0	0	0	0	0	0
35324000	0	0	0	0	0	0	0	0	0	0	0	0
35328000	0	0	0	0	0	0	0	0	0	0	0	0
35332000	0	0	0	0	0	0	0	0	0	0	0	0
35336000	0	0	0	0	0	0	0	0	0	0	0	0
35340000	0	0	0	0	0	0	0	0	0	0	0	0
35344000	0	0	0	0	0	0	0	0	0	0	0	0
35348000	0	0	0	0	0	0	0	0	0	0	0	0
35352000	0	0	0	0	0	0	0	0	0	0	0	0
35356000	0	0	0	0	0	0	0	0	0	0	0	0
35360000	0	0	0	0	0	0	0	0	0	0	0	0
35364000	0	0	0	0	0	0	0	0	0	0	0	0
35368000	0	0	0	0	0	0	0	0	0	0	0	0
35372000	0	0	0	0	0	0	0	0	0	0	0	0
35376000	0	0	0	0	0	0	0	0	0	0	0	0
35380000	0	0	0	0	0	0	0	0	0	0	0	0
35384000	0	0	0	0	0	0	0	0	0	0	0	0
35388000	0	0	0	0	0	0	0	0	0	0	0	0
35392000	0	0	0	0	0	0	0	0	0	0	0	0
35396000	0	0	0	0	0	0	0	0	0	0	0	0
35400000	0	0	0	0	0	0	0	0	0	0	0	0
35404000	0	0	0	0	0	0	0	0	0	0	0	0
35408000	0	0	0	0	0	0	0	0	0	0	0	0
35412000	0	0	0	0	0	0	0	0	0	0	0	0
35416000	0	0	0	0	0	0	0	0	0	0	0	0
35420000	0	0	0	0	0	0	0	0	0	0	0	0
35424000	0	0	0	0	0	0	0	0	0	0	0	0
35428000	0	0	0	0	0	0	0	0	0	0	0	0
35432000	0	0	0	0	0	0	0	0	0	0	0	0
35437000	0	0	0	0	0	0	0	0	0	0	0	0
35440000	0	0	0	0	0	0	0	0	0	0	0	0
35444000	0	0	0	0	0	0	0	0	0	0	0	0
35448000	0	0	0	0	0	0	0	0	0	0	0	0
35453000	0	0	0	0	0	0	0	0	0	0	0	0
35456000	0	0	0	0	0	0	0	0	0	0	0	0
35460000	0	0	0	0	0	0	0	0	0	0	0	0
35464000	0	0	0	0	0	0	0	0	0	0	0	0
35469000	0	0	0	0	0	0	0	0	0	0	0	0
35472000	0	0	0	0	0	0	0	0	0	0	0	0
35476000	0	0	0	0	0	0	0	0	0	0	0	0
35480000	0	0	0	0	0	0	0	0	0	0	0	0
35485000	0	0	0	0	0	0	0	0	0	0	0	0
35488000	0	0	0	0	0	0	0	0	0	0	0	0
35492000	0	0	0	0	0	0	0	0	0	0	0	0
35496000	0	0	0	0	0	0	0	0	0	0	0	0
35501000	0	0	0	0	0	0	0	0	0	0	0	0
35504000	0	0	0	0	0	0	0	0	0	0	0	0
35508000	0	0	0	0	0	0	0	0	0	0	0	0
35512000	0	0	0	0	0	0	0	0	0	0	0	0
35517000	0	0	0	0	0	0	0	0	0	0	0	0
35520000	0	0	0	0	0	0	0	0	0	0	0	0
35524000	0	0	0	0	0	0	0	0	0	0	0	0
35528000	0	0	0	0	0	0	0	0	0	0	0	0
35535000	0	0	0	0	0	0	0	0	0	0	0	0
35540000	0	0	0	0	0	0	0	0	0	0	0	0
35544000	0	0	0	0	0	0	0	0	0	0	0	0
35548000	0	0	0	0	0	0	0	0	0	0	0	0
35552000	0	0	0	0	0	0	0	0	0	0	0	0
35556000	0	0	0	0	0	0	0	0	0	0	0	0
35560000	0	0	0	0	0	0	0	0	0	0	0	0
35564000	0	0	0	0	0	0	0	0	0	0	0	0
35568000	0	0	0	0	0	0	0	0	0	0	0	0
35572000	0	0	0	0	0	0	0	0	0	0	0	0
35576000	0	0	0	0	0	0	0	0	0	0	0	0
35580000	0	0	0	0	0	0	0	0	0	0	0	0
35584000	0	0	0	0	0	0	0	0	0	0	0	0
35588000	0	0	0	0	0	0	0	0	0	0	0	0
35592000	0	0	0	0	0	0	0	0	0	0	0	0
35596000	0	0	0	0	0	0	0	0	0	0	0	0
35600000	0	0	0	0	0	0	0	0	0	0	0	0
35604000	0	0	0	0	0	0	0	0	0	0	0	0
35608000	0	0	0	0	0	0	0	0	0	0	0	0
35612000	0	0	0	0	0	0	0	0	0	0	0	0
35616000	0	0	0	0	0	0	0	0	0	0	0	0
35620000	0	0	0	0	0	0	0	0	0	0	0	0
35624000	0	0	0	0	0	0	0	0	0	0	0	0
35628000	0	0	0	0	0	0	0	0	0	0	0	0
35632000	0	0	0	0	0	0	0	0	0	0	0	0
35636000	0	0	0	0	0	0	0	0	0	0	0	0
35640000	0	0	0	0	0	0	0	0	0	0	0	0
35644000	0	0	0	0	0	0	0	0	0	0	0	0
35648000	0	0	0	0	0	0	0	0	0	0	0	0
35652000	0	0	0	0	0	0	0	0	0	0	0	0
35656000	0	0	0	0	0	0	0	0	0	0	0	0
35660000	0	0	0	0	0	0	0	0	0	0	0	0
35664000	0	0	0	0	0	0	0	0	0	0	0	0
35668000	0	0	0	0	0	0	0	0	0	0	0	0
35672000	0	0	0	0	0	0	0	0	0	0	0	0
35676000	0	0	0	0	0	0	0	0	0	0	0	0
35680000	0	0	0	0	0	0	0	0	0	0	0	0
35684000	0	0	0	0	0	0	0	0	0	0	0	0
35688000	0	0	0	0	0	0	0	0	0	0	0	0
35692000	0	0	0	0	0	0	0	0	0	0	0	0
35696000	0	0	0	0	0	0	0	0	0	0	0	0
35700000	0	0	0	0	0	0	0	0	0	0	0	0
35704000	0	0	0	0	0	0	0	0	0	0	0	0
35708000	0	0	0	0	0	0	0	0	0	0	0	0
35712000	0	0	0	0	0	0	0	0	0	0	0	0
35716000	0	0	0	0	0	0	0	0	0	0	0	0
35720000	0	0	0	0	0	0	0	0	0	0	0	0
35724000	0	0	0	0	0	0	0	0	0	0	0	0
35728000	0	0	0	0	0	0	0	0	0	0	0	0
35732000	0	0	0	0	0	0	0	0	0	0	0	0
35736000	0	0	0	0	0	0	0	0	0	0	0	0
35740000	0	0	0	0	0	0	0	0	0	0	0	0
35745000	0	0	0	0	0	0	0	0	0	0	0	0
35748000	0	0	0	0	0	0	0	0	0	0	0	0
35752000	0	0	0	0	0	0	0	0	0	0	0	0
35756000	0	0	0	0	0	0	0	0	0	0	0	0
35761000	0	0	0	0	0	0	0	0	0	0	0	0
35764000	0	0	0	0	0	0	0	0	0	0	0	0
35768000	0	0	0	0	0	0	0	0	0	0	0	0
35772000	0	0	0	0	0	0	0	0	0	0	0	0
35777000	0	0	0	0	0	0	0	0	0	0	0	0
35780000	0	0	0	0	0	0	0	0	0	0	0	0
35784000	0	0	0	0	0	0	0	0	0	0	0	0
35788000	0	0	0	0	0	0	0	0	0	0	0	0
35793000	0	0	0	0	0	0	0	0	0	0	0	0
35796000	0	0	0	0	0	0	0	0	0	0	0	0
35800000	0	0	0	0	0	0	0	0	0	0	0	0
35804000	0	0	0	0	0	0	0	0	0	0	0	0
35809000	0	0	0	0	0	0	0	0	0	0	0	0
35812000	0	0	0	0	0	0	0	0	0	0	0	0
35816000	0	0	0	0	0	0	0	0	0	0	0	0
35820000	0	0	0	0	0	0	0	0	0	0	0	0
35825000	0	0	0	0	0	0	0	0	0	0	0	0
35828000	0	0	0	0	0	0	0	0	0	0	0	0
35832000	0	0	0	0	0	0	0	0	0	0	0	0
35836000	0	0	0	0	0	0	0	0	0	0	0	0
35840000	0	0	0	0	0	0	0	0	0	0	0	0
35844000	0	0	0	0	0	0	0	0	0	0	0	0
35848000	0	0	0	0	0	0	0	0	0	0	0	0
35852000	0	0	0	0	0	0	0	0	0	0	0	0
35856000	0	0	0	0	0	0	0	0	0	0	0	0
35860000	0	0	0	0	0	0	0	0	0	0	0	0
35864000	0	0	0	0	0	0	0	0	0	0	0	0
35868000	0	0	0	0	0	0	0	0	0	0	0	0
35872000	0	0	0	0	0	0	0	0	0	0	0	0
35876000	0	0	0	0	0	0	0	0	0	0	0	0
35880000	0	0	0	0	0	0	0	0	0	0	0	0
35884000	0	0	0	0	0	0	0	0	0	0	0	0
35888000	0	0	0	0	0	0	0	0	0	0	0	0
35892000	0	0	0	0	0	0	0	0	0	0	0	0
35896000	0	0	0	0	0	0	0	0	0	0	0	0
35900000	0	0	0	0	0	0	0	0	0	0	0	0
35904000	0	0	0	0	0	0	0	0	0	0	0	0
35908000	0	0	0	0	0	0	0	0	0	0	0	0
35912000	0	0	0	0	0	0	0	0	0	0	0	0
35916000	0	0	0	0	0	0	0	0	0	0	0	0
35920000	0	0	0	0	0	0	0	0	0	0	0	0
35924000	0	0	0	0	0	0	0	0	0	0	0	0
35928000	0	0	0	0	0	0	0	0	0	0	0	0
35932000	0	0	0	0	0	0	0	0	0	0	0	0
35936000	0	0	0	0	0	0	0	0	0	0	0	0
35946000	0	0	0	0	0	0	0	0	0	0	0	0
35952000	0	0	0	0	0	0	0	0	0	0	0	0
35956000	0	0	0	0	0	0	0	0	0	0	0	0
35960000	0	0	0	0	0	0	0	0	0	0	0	0
35964000	0	0	0	0	0	0	0	0	0	0	0	0
35968000	0	0	0	0	0	0	0	0	0	0	0	0
35972000	0	0	0	0	0	0	0	0	0	0	0	0
35976000	0	0	0	0	0	0	0	0	0	0	0	0
35980000	0	0	0	0	0	0	0	0	0	0	0	0
35984000	0	0	0	0	0	0	0	0	0	0	0	0
35988000	0	0	0	0	0	0	0	0	0	0	0	0
35992000	0	0	0	0	0	0	0	0	0	0	0	0
35996000	0	0	0	0	0	0	0	0	0	0	0	0
36000000	0	0	0	0	0	0	0	0	0	0	0	0
36004000	0	0	0	0	0	0	0	0	0	0	0	0
36008000	0	0	0	0	0	0	0	0	0	0	0	0
36012000	0	0	0	0	0	0	0	0	0	0	0	0
36016000	0	0	0	0	0	0	0	0	0	0	0	0
36020000	0	0	0	0	0	0	0	0	0	0	0	0
36024000	0	0	0	0	0	0	0	0	0	0	0	0
36028000	0	0	0	0	0	0	0	0	0	0	0	0
36032000	0	0	0	0	0	0	0	0	0	0	0	0
36036000	0	0	0	0	0	0	0	0	0	0	0	0
36041000	0	0	0	0	0	0	0	0	0	0	0	0
36044000	0	0	0	0	0	0	0	0	0	0	0	0
36048000	0	0	0	0	0	0	0	0	0	0	0	0
36052000	0	0	0	0	0	0	0	0	0	0	0	0
36057000	0	0	0	0	0	0	0	0	0	0	0	0
36060000	0	0	0	0	0	0	0	0	0	0	0	0
36064000	0	0	0	0	0	0	0	0	0	0	0	0
36068000	0	0	0	0	0	0	0	0	0	0	0	0
36073000	0	0	0	0	0	0	0	0	0	0	0	0
36076000	0	0	0	0	0	0	0	0	0	0	0	0
36080000	0	0	0	0	0	0	0	0	0	0	0	0
36084000	0	0	0	0	0	0	0	0	0	0	0	0
36088000	0	0	0	0	0	0	0	0	0	0	0	0
36092000	0	0	0	0	0	0	0	0	0	0	0	0
36096000	0	0	0	0	0	0	0	0	0	0	0	0
36100000	0	0	0	0	0	0	0	0	0	0	0	0
36104000	0	0	0	0	0	0	0	0	0	0	0	0
36108000	0	0	0	0	0	0	0	0	0	0	0	0
36112000	0	0	0	0	0	0	0	0	0	0	0	0
36116000	0	0	0	0	0	0	0	0	0	0	0	0
36120000	0	0	0	0	0	0	0	0	0	0	0	0
36124000	0	0	0	0	0	0	0	0	0	0	0	0
36128000	0	0	0	0	0	0	0	0	0	0	0	0
36132000	0	0	0	0	0	0	0	0	0	0	0	0
36136000	0	0	0	0	0	0	0	0	0	0	0	0
36144000	0	0	0	0	0	0	0	0	0	0	0	0
36148000	0	0	0	0	0	0	0	0	0	0	0	0
36152000	0	0	0	0	0	0	0	0	0	0	0	0
36156000	0	0	0	0	0	0	0	0	0	0	0	0
36160000	0	0	0	0	0	0	0	0	0	0	0	0
36164000	0	0	0	0	0	0	0	0	0	0	0	0
36168000	0	0	0	0	0	0	0	0	0	0	0	0
36172000	0	0	0	0	0	0	0	0	0	0	0	0
36176000	0	0	0	0	0	0	0	0	0	0	0	0
36180000	0	0	0	0	0	0	0	0	0	0	0	0
36184000	0	0	0	0	0	0	0	0	0	0	0	0
36188000	0	0	0	0	0	0	0	0	0	0	0	0
36192000	0	0	0	0	0	0	0	0	0	0	0	0
36196000	0	0	0	0	0	0	0	0	0	0	0	0
36200000	0	0	0	0	0	0	0	0	0	0	0	0
36204000	0	0	0	0	0	0	0	0	0	0	0	0
36208000	0	0	0	0	0	0	0	0	0	0	0	0
36212000	0	0	0	0	0	0	0	0	0	0	0	0
36216000	0	0	0	0	0	0	0	0	0	0	0	0
36220000	0	0	0	0	0	0	0	0	0	0	0	0
36225000	0	0	0	0	0	0	0	0	0	0	0	0
36228000	0	0	0	0	0	0	0	0	0	0	0	0
36232000	0	0	0	0	0	0	0	0	0	0	0	0
36236000	0	0	0	0	0	0	0	0	0	0	0	0
36240000	0	0	0	0	0	0	0	0	0	0	0	0
36244000	0	0	0	0	0	0	0	0	0	0	0	0
36248000	0	0	0	0	0	0	0	0	0	0	0	0
36252000	0	0	0	0	0	0	0	0	0	0	0	0
36256000	0	0	0	0	0	0	0	0	0	0	0	0
36260000	0	0	0	0	0	0	0	0	0	0	0	0
36264000	0	0	0	0	0	0	0	0	0	0	0	0
36268000	0	0	0	0	0	0	0	0	0	0	0	0
36272000	0	0	0	0	0	0	0	0	0	0	0	0
36276000	0	0	0	0	0	0	0	0	0	0	0	0
36280000	0	0	0	0	0	0	0	0	0	0	0	0
36284000	0	0	0	0	0	0	0	0	0	0	0	0
36288000	0	0	0	0	0	0	0	0	0	0	0	0
36292000	0	0	0	0	0	0	0	0	0	0	0	0
36296000	0	0	0	0	0	0	0	0	0	0	0	0
36300000	0	0	0	0	0	0	0	0	0	0	0	0
36304000	0	0	0	0	0	0	0	0	0	0	0	0
36308000	0	0	0	0	0	0	0	0	0	0	0	0
36312000	0	0	0	0	0	0	0	0	0	0	0	0
36316000	0	0	0	0	0	0	0	0	0	0	0	0
36320000	0	0	0	0	0	0	0	0	0	0	0	0
36324000	0	0	0	0	0	0	0	0	0	0	0	0
36328000	0	0	0	0	0	0	0	0	0	0	0	0
36332000	0	0	0	0	0	0	0	0	0	0	0	0
36336000	0	0	0	0	0	0	0	0	0	0	0	0
36340000	0	0	0	0	0	0	0	0	0	0	0	0
36344000	0	0	0	0	0	0	0	0	0	0	0	0
36348000	0	0	0	0	0	0	0	0	0	0	0	0
36352000	0	0	0	0	0	0	0	0	0	0	0	0
36356000	0	0	0	0	0	0	0	0	0	0	0	0
36360000	0	0	0	0	0	0	0	0	0	0	0	0
36364000	0	0	0	0	0	0	0	0	0	0	0	0
36368000	0	0	0	0	0	0	0	0	0	0	0	0
36372000	0	0	0	0	0	0	0	0	0	0	0	0
36376000	0	0	0	0	0	0	0	0	0	0	0	0
36380000	0	0	0	0	0	0	0	0	0	0	0	0
36384000	0	0	0	0	0	0	0	0	0	0	0	0
36388000	0	0	0	0	0	0	0	0	0	0	0	0
36392000	0	0	0	0	0	0	0	0	0	0	0	0
36396000	0	0	0	0	0	0	0	0	0	0	0	0
36400000	0	0	0	0	0	0	0	0	0	0	0	0
36404000	0	0	0	0	0	0	0	0	0	0	0	0
36408000	0	0	0	0	0	0	0	0	0	0	0	0
36412000	0	0	0	0	0	0	0	0	0	0	0	0
36416000	0	0	0	0	0	0	0	0	0	0	0	0
36421000	0	0	0	0	0	0	0	0	0	0	0	0
36424000	0	0	0	0	0	0	0	0	0	0	0	0
36428000	0	0	0	0	0	0	0	0	0	0	0	0
36432000	0	0	0	0	0	0	0	0	0	0	0	0
36436000	0	0	0	0	0	0	0	0	0	0	0	0
36440000	0	0	0	0	0	0	0	0	0	0	0	0
36444000	0	0	0	0	0	0	0	0	0	0	0	0
36448000	0	0	0	0	0	0	0	0	0	0	0	0
36453000	0	0	0	0	0	0	0	0	0	0	0	0
36456000	0	0	0	0	0	0	0	0	0	0	0	0
36460000	0	0	0	0	0	0	0	0	0	0	0	0
36464000	0	0	0	0	0	0	0	0	0	0	0	0
36470000	0	0	0	0	0	0	0	0	0	0	0	0
36476000	0	0	0	0	0	0	0	0	0	0	0	0
36480000	0	0	0	0	0	0	0	0	0	0	0	0
36484000	0	0	0	0	0	0	0	0	0	0	0	0
36488000	0	0	0	0	0	0	0	0	0	0	0	0
36492000	0	0	0	0	0	0	0	0	0	0	0	0
36496000	0	0	0	0	0	0	0	0	0	0	0	0
36500000	0	0	0	0	0	0	0	0	0	0	0	0
36504000	0	0	0	0	0	0	0	0	0	0	0	0
36508000	0	0	0	0	0	0	0	0	0	0	0	0
36512000	0	0	0	0	0	0	0	0	0	0	0	0
36518000	0	0	0	0	0	0	0	0	0	0	0	0
36524000	0	0	0	0	0	0	0	0	0	0	0	0
36528000	0	0	0	0	0	0	0	0	0	0	0	0
36532000	0	0	0	0	0	0	0	0	0	0	0	0
36536000	0	0	0	0	0	0	0	0	0	0	0	0
36540000	0	0	0	0	0	0	0	0	0	0	0	0
36544000	0	0	0	0	0	0	0	0	0	0	0	0
36550000	0	0	0	0	0	0	0	0	0	0	0	0
36556000	0	0	0	0	0	0	0	0	0	0	0	0
36560000	0	0	0	0	0	0	0	0	0	0	0	0
36564000	0	0	0	0	0	0	0	0	0	0	0	0
36568000	0	0	0	0	0	0	0	0	0	0	0	0
36572000	0	0	0	0	0	0	0	0	0	0	0	0
36576000	0	0	0	0	0	0	0	0	0	0	0	0
36580000	0	0	0	0	0	0	0	0	0	0	0	0
36584000	0	0	0	0	0	0	0	0	0	0	0	0
36588000	0	0	0	0	0	0	0	0	0	0	0	0
36592000	0	0	0	0	0	0	0	0	0	0	0	0
36596000	0	0	0	0	0	0	0	0	0	0	0	0
36600000	0	0	0	0	0	0	0	0	0	0	0	0
36604000	0	0	0	0	0	0	0	0	0	0	0	0
36608000	0	0	0	0	0	0	0	0	0	0	0	0
36612000	0	0	0	0	0	0	0	0	0	0	0	0
36616000	0	0	0	0	0	0	0	0	0	0	0	0
36620000	0	0	0	0	0	0	0	0	0	0	0	0
36624000	0	0	0	0	0	0	0	0	0	0	0	0
36628000	0	0	0	0	0	0	0	0	0	0	0	0
36632000	0	0	0	0	0	0	0	0	0	0	0	0
36636000	0	0	0	0	0	0	0	0	0	0	0	0
36640000	0	0	0	0	0	0	0	0	0	0	0	0
36644000	0	0	0	0	0	0	0	0	0	0	0	0
36649000	0	0	0	0	0	0	0	0	0	0	0	0
36652000	0	0	0	0	0	0	0	0	0	0	0	0
36656000	0	0	0	0	0	0	0	0	0	0	0	0
36660000	0	0	0	0	0	0	0	0	0	0	0	0
36664000	0	0	0	0	0	0	0	0	0	0	0	0
36668000	0	0	0	0	0	0	0	0	0	0	0	0
36672000	0	0	0	0	0	0	0	0	0	0	0	0
36676000	0	0	0	0	0	0	0	0	0	0	0	0
36680000	0	0	0	0	0	0	0	0	0	0	0	0
36684000	0	0	0	0	0	0	0	0	0	0	0	0
36688000	0	0	0	0	0	0	0	0	0	0	0	0
36692000	0	0	0	0	0	0	0	0	0	0	0	0
36696000	0	0	0	0	0	0	0	0	0	0	0	0
36700000	0	0	0	0	0	0	0	0	0	0	0	0
36704000	0	0	0	0	0	0	0	0	0	0	0	0
36708000	0	0	0	0	0	0	0	0	0	0	0	0
36712000	0	0	0	0	0	0	0	0	0	0	0	0
36716000	0	0	0	0	0	0	0	0	0	0	0	0
36720000	0	0	0	0	0	0	0	0	0	0	0	0
36724000	0	0	0	0	0	0	0	0	0	0	0	0
36728000	0	0	0	0	0	0	0	0	0	0	0	0
36732000	0	0	0	0	0	0	0	0	0	0	0	0
36736000	0	0	0	0	0	0	0	0	0	0	0	0
36740000	0	0	0	0	0	0	0	0	0	0	0	0
36744000	0	0	0	0	0	0	0	0	0	0	0	0
36748000	0	0	0	0	0	0	0	0	0	0	0	0
36752000	0	0	0	0	0	0	0	0	0	0	0	0
36756000	0	0	0	0	0	0	0	0	0	0	0	0
36760000	0	0	0	0	0	0	0	0	0	0	0	0
36765000	0	0	0	0	0	0	0	0	0	0	0	0
36768000	0	0	0	0	0	0	0	0	0	0	0	0
36772000	0	0	0	0	0	0	0	0	0	0	0	0
36776000	0	0	0	0	0	0	0	0	0	0	0	0
36780000	0	0	0	0	0	0	0	0	0	0	0	0
36784000	0	0	0	0	0	0	0	0	0	0	0	0
36788000	0	0	0	0	0	0	0	0	0	0	0	0
36792000	0	0	0	0	0	0	0	0	0	0	0	0
36796000	0	0	0	0	0	0	0	0	0	0	0	0
36800000	0	0	0	0	0	0	0	0	0	0	0	0
36804000	0	0	0	0	0	0	0	0	0	0	0	0
36808000	0	0	0	0	0	0	0	0	0	0	0	0
36812000	0	0	0	0	0	0	0	0	0	0	0	0
36816000	0	0	0	0	0	0	0	0	0	0	0	0
36820000	0	0	0	0	0	0	0	0	0	0	0	0
36824000	0	0	0	0	0	0	0	0	0	0	0	0
36828000	0	0	0	0	0	0	0	0	0	0	0	0
36832000	0	0	0	0	0	0	0	0	0	0	0	0
36836000	0	0	0	0	0	0	0	0	0	0	0	0
36840000	0	0	0	0	0	0	0	0	0	0	0	0
36844000	0	0	0	0	0	0	0	0	0	0	0	0
36848000	0	0	0	0	0	0	0	0	0	0	0	0
36852000	0	0	0	0	0	0	0	0	0	0	0	0
36856000	0	0	0	0	0	0	0	0	0	0	0	0
36860000	0	0	0	0	0	0	0	0	0	0	0	0
36864000	0	0	0	0	0	0	0	0	0	0	0	0
36868000	0	0	0	0	0	0	0	0	0	0	0	0
36872000	0	0	0	0	0	0	0	0	0	0	0	0
36876000	0	0	0	0	0	0	0	0	0	0	0	0
36880000	0	0	0	0	0	0	0	0	0	0	0	0
36884000	0	0	0	0	0	0	0	0	0	0	0	0
36888000	0	0	0	0	0	0	0	0	0	0	0	0
36892000	0	0	0	0	0	0	0	0	0	0	0	0
36896000	0	0	0	0	0	0	0	0	0	0	0	0
36900000	0	0	0	0	0	0	0	0	0	0	0	0
36904000	0	0	0	0	0	0	0	0	0	0	0	0
36908000	0	0	0	0	0	0	0	0	0	0	0	0
36912000	0	0	0	0	0	0	0	0	0	0	0	0
36916000	0	0	0	0	0	0	0	0	0	0	0	0
36920000	0	0	0	0	0	0	0	0	0	0	0	0
36924000	0	0	0	0	0	0	0	0	0	0	0	0
36928000	0	0	0	0	0	0	0	0	0	0	0	0
36932000	0	0	0	0	0	0	0	0	0	0	0	0
36936000	0	0	0	0	0	0	0	0	0	0	0	0
36940000	0	0	0	0	0	0	0	0	0	0	0	0
36944000	0	0	0	0	0	0	0	0	0	0	0	0
36948000	0	0	0	0	0	0	0	0	0	0	0	0
36952000	0	0	0	0	0	0	0	0	0	0	0	0
36956000	0	0	0	0	0	0	0	0	0	0	0	0
36960000	0	0	0	0	0	0	0	0	0	0	0	0
36964000	0	0	0	0	0	0	0	0	0	0	0	0
36968000	0	0	0	0	0	0	0	0	0	0	0	0
36972000	0	0	0	0	0	0	0	0	0	0	0	0
36976000	0	0	0	0	0	0	0	0	0	0	0	0
36980000	0	0	0	0	0	0	0	0	0	0	0	0
36984000	0	0	0	0	0	0	0	0	0	0	0	0
36988000	0	0	0	0	0	0	0	0	0	0	0	0
36992000	0	0	0	0	0	0	0	0	0	0	0	0
36996000	0	0	0	0	0	0	0	0	0	0	0	0
37000000	0	0	0	0	0	0	0	0	0	0	0	0
37004000	0	0	0	0	0	0	0	0	0	0	0	0
37008000	0	0	0	0	0	0	0	0	0	0	0	0
37012000	0	0	0	0	0	0	0	0	0	0	0	0
37016000	0	0	0	0	0	0	0	0	0	0	0	0
37020000	0	0	0	0	0	0	0	0	0	0	0	0
37024000	0	0	0	0	0	0	0	0	0	0	0	0
37028000	0	0	0	0	0	0	0	0	0	0	0	0
37032000	0	0	0	0	0	0	0	0	0	0	0	0
37036000	0	0	0	0	0	0	0	0	0	0	0	0
37040000	0	0	0	0	0	0	0	0	0	0	0	0
37044000	0	0	0	0	0	0	0	0	0	0	0	0
37048000	0	0	0	0	0	0	0	0	0	0	0	0
37052000	0	0	0	0	0	0	0	0	0	0	0	0
37056000	0	0	0	0	0	0	0	0	0	0	0	0
37060000	0	0	0	0	0	0	0	0	0	0	0	0
37076000	0	0	0	0	0	0	0	0	0	0	0	0
37080000	0	0	0	0	0	0	0	0	0	0	0	0
37084000	0	0	0	0	0	0	0	0	0	0	0	0
37089000	0	0	0	0	0	0	0	0	0	0	0	0
37092000	0	0	0	0	0	0	0	0	0	0	0	0
37096000	0	0	0	0	0	0	0	0	0	0	0	0
37100000	0	0	0	0	0	0	0	0	0	0	0	0
37106000	0	0	0	0	0	0	0	0	0	0	0	0
37112000	0	0	0	0	0	0	0	0	0	0	0	0
37116000	0	0	0	0	0	0	0	0	0	0	0	0
37120000	0	0	0	0	0	0	0	0	0	0	0	0
37124000	0	0	0	0	0	0	0	0	0	0	0	0
37128000	0	0	0	0	0	0	0	0	0	0	0	0
37132000	0	0	0	0	0	0	0	0	0	0	0	0
37136000	0	0	0	0	0	0	0	0	0	0	0	0
37140000	0	0	0	0	0	0	0	0	0	0	0	0
37144000	0	0	0	0	0	0	0	0	0	0	0	0
37148000	0	0	0	0	0	0	0	0	0	0	0	0
37152000	0	0	0	0	0	0	0	0	0	0	0	0
37156000	0	0	0	0	0	0	0	0	0	0	0	0
37160000	0	0	0	0	0	0	0	0	0	0	0	0
37164000	0	0	0	0	0	0	0	0	0	0	0	0
37168000	0	0	0	0	0	0	0	0	0	0	0	0
37172000	0	0	0	0	0	0	0	0	0	0	0	0
37176000	0	0	0	0	0	0	0	0	0	0	0	0
37180000	0	0	0	0	0	0	0	0	0	0	0	0
37184000	0	0	0	0	0	0	0	0	0	0	0	0
37188000	0	0	0	0	0	0	0	0	0	0	0	0
37192000	0	0	0	0	0	0	0	0	0	0	0	0
37196000	0	0	0	0	0	0	0	0	0	0	0	0
37200000	0	0	0	0	0	0	0	0	0	0	0	0
37204000	0	0	0	0	0	0	0	0	0	0	0	0
37208000	0	0	0	0	0	0	0	0	0	0	0	0
37212000	0	0	0	0	0	0	0	0	0	0	0	0
37216000	0	0	0	0	0	0	0	0	0	0	0	0
37220000	0	0	0	0	0	0	0	0	0	0	0	0
37224000	0	0	0	0	0	0	0	0	0	0	0	0
37228000	0	0	0	0	0	0	0	0	0	0	0	0
37232000	0	0	0	0	0	0	0	0	0	0	0	0
37236000	0	0	0	0	0	0	0	0	0	0	0	0
37240000	0	0	0	0	0	0	0	0	0	0	0	0
37244000	0	0	0	0	0	0	0	0	0	0	0	0
37248000	0	0	0	0	0	0	0	0	0	0	0	0
37256000	0	0	0	0	0	0	0	0	0	0	0	0
37260000	0	0	0	0	0	0	0	0	0	0	0	0
37264000	0	0	0	0	0	0	0	0	0	0	0	0
37268000	0	0	0	0	0	0	0	0	0	0	0	0
37272000	0	0	0	0	0	0	0	0	0	0	0	0
37276000	0	0	0	0	0	0	0	0	0	0	0	0
37280000	0	0	0	0	0	0	0	0	0	0	0	0
37284000	0	0	0	0	0	0	0	0	0	0	0	0
37288000	0	0	0	0	0	0	0	0	0	0	0	0
37292000	0	0	0	0	0	0	0	0	0	0	0	0
37296000	0	0	0	0	0	0	0	0	0	0	0	0
37304000	0	0	0	0	0	0	0	0	0	0	0	0
37308000	0	0	0	0	0	0	0	0	0	0	0	0
37312000	0	0	0	0	0	0	0	0	0	0	0	0
37316000	0	0	0	0	0	0	0	0	0	0	0	0
37320000	0	0	0	0	0	0	0	0	0	0	0	0
37324000	0	0	0	0	0	0	0	0	0	0	0	0
37328000	0	0	0	0	0	0	0	0	0	0	0	0
37332000	0	0	0	0	0	0	0	0	0	0	0	0
37336000	0	0	0	0	0	0	0	0	0	0	0	0
37341000	0	0	0	0	0	0	0	0	0	0	0	0
37348000	0	0	0	0	0	0	0	0	0	0	0	0
37352000	0	0	0	0	0	0	0	0	0	0	0	0
37356000	0	0	0	0	0	0	0	0	0	0	0	0
37360000	0	0	0	0	0	0	0	0	0	0	0	0
37364000	0	0	0	0	0	0	0	0	0	0	0	0
37380000	0	0	0	0	0	0	0	0	0	0	0	0
37384000	0	0	0	0	0	0	0	0	0	0	0	0
37389000	0	0	0	0	0	0	0	0	0	0	0	0
37396000	0	0	0	0	0	0	0	0	0	0	0	0
37400000	0	0	0	0	0	0	0	0	0	0	0	0
37404000	0	0	0	0	0	0	0	0	0	0	0	0
37408000	0	0	0	0	0	0	0	0	0	0	0	0
37412000	0	0	0	0	0	0	0	0	0	0	0	0
37416000	0	0	0	0	0	0	0	0	0	0	0	0
37420000	0	0	0	0	0	0	0	0	0	0	0	0
37425000	0	0	0	0	0	0	0	0	0	0	0	0
37428000	0	0	0	0	0	0	0	0	0	0	0	0
37432000	0	0	0	0	0	0	0	0	0	0	0	0
37436000	0	0	0	0	0	0	0	0	0	0	0	0
37444000	0	0	0	0	0	0	0	0	0	0	0	0
37448000	0	0	0	0	0	0	0	0	0	0	0	0
37452000	0	0	0	0	0	0	0	0	0	0	0	0
37456000	0	0	0	0	0	0	0	0	0	0	0	0
37460000	0	0	0	0	0	0	0	0	0	0	0	0
37464000	0	0	0	0	0	0	0	0	0	0	0	0
37468000	0	0	0	0	0	0	0	0	0	0	0	0
37472000	0	0	0	0	0	0	0	0	0	0	0	0
37476000	0	0	0	0	0	0	0	0	0	0	0	0
37480000	0	0	0	0	0	0	0	0	0	0	0	0
37484000	0	0	0	0	0	0	0	0	0	0	0	0
37488000	0	0	0	0	0	0	0	0	0	0	0	0
37492000	0	0	0	0	0	0	0	0	0	0	0	0
37496000	0	0	0	0	0	0	0	0	0	0	0	0
37500000	0	0	0	0	0	0	0	0	0	0	0	0
37504000	0	0	0	0	0	0	0	0	0	0	0	0
37508000	0	0	0	0	0	0	0	0	0	0	0	0
37512000	0	0	0	0	0	0	0	0	0	0	0	0
37516000	0	0	0	0	0	0	0	0	0	0	0	0
37520000	0	0	0	0	0	0	0	0	0	0	0	0
37524000	0	0	0	0	0	0	0	0	0	0	0	0
37528000	0	0	0	0	0	0	0	0	0	0	0	0
37532000	0	0	0	0	0	0	0	0	0	0	0	0
37536000	0	0	0	0	0	0	0	0	0	0	0	0
37540000	0	0	0	0	0	0	0	0	0	0	0	0
37544000	0	0	0	0	0	0	0	0	0	0	0	0
37548000	0	0	0	0	0	0	0	0	0	0	0	0
37552000	0	0	0	0	0	0	0	0	0	0	0	0
37556000	0	0	0	0	0	0	0	0	0	0	0	0
37560000	0	0	0	0	0	0	0	0	0	0	0	0
37564000	0	0	0	0	0	0	0	0	0	0	0	0
37568000	0	0	0	0	0	0	0	0	0	0	0	0
37572000	0	0	0	0	0	0	0	0	0	0	0	0
37576000	0	0	0	0	0	0	0	0	0	0	0	0
37580000	0	0	0	0	0	0	0	0	0	0	0	0
37584000	0	0	0	0	0	0	0	0	0	0	0	0
37588000	0	0	0	0	0	0	0	0	0	0	0	0
37592000	0	0	0	0	0	0	0	0	0	0	0	0
37596000	0	0	0	0	0	0	0	0	0	0	0	0
37600000	0	0	0	0	0	0	0	0	0	0	0	0
37604000	0	0	0	0	0	0	0	0	0	0	0	0
37608000	0	0	0	0	0	0	0	0	0	0	0	0
37612000	0	0	0	0	0	0	0	0	0	0	0	0
37616000	0	0	0	0	0	0	0	0	0	0	0	0
37620000	0	0	0	0	0	0	0	0	0	0	0	0
37624000	0	0	0	0	0	0	0	0	0	0	0	0
37628000	0	0	0	0	0	0	0	0	0	0	0	0
37632000	0	0	0	0	0	0	0	0	0	0	0	0
37636000	0	0	0	0	0	0	0	0	0	0	0	0
37640000	0	0	0	0	0	0	0	0	0	0	0	0
37644000	0	0	0	0	0	0	0	0	0	0	0	0
37648000	0	0	0	0	0	0	0	0	0	0	0	0
37652000	0	0	0	0	0	0	0	0	0	0	0	0
37656000	0	0	0	0	0	0	0	0	0	0	0	0
37660000	0	0	0	0	0	0	0	0	0	0	0	0
37664000	0	0	0	0	0	0	0	0	0	0	0	0
37668000	0	0	0	0	0	0	0	0	0	0	0	0
37672000	0	0	0	0	0	0	0	0	0	0	0	0
37676000	0	0	0	0	0	0	0	0	0	0	0	0
37680000	0	0	0	0	0	0	0	0	0	0	0	0
37684000	0	0	0	0	0	0	0	0	0	0	0	0
37688000	0	0	0	0	0	0	0	0	0	0	0	0
37692000	0	0	0	0	0	0	0	0	0	0	0	0
37696000	0	0	0	0	0	0	0	0	0	0	0	0
37700000	0	0	0	0	0	0	0	0	0	0	0	0
37704000	0	0	0	0	0	0	0	0	0	0	0	0
37708000	0	0	0	0	0	0	0	0	0	0	0	0
37712000	0	0	0	0	0	0	0	0	0	0	0	0
37716000	0	0	0	0	0	0	0	0	0	0	0	0
37720000	0	0	0	0	0	0	0	0	0	0	0	0
37724000	0	0	0	0	0	0	0	0	0	0	0	0
37728000	0	0	0	0	0	0	0	0	0	0	0	0
37732000	0	0	0	0	0	0	0	0	0	0	0	0
37739000	0	0	0	0	0	0	0	0	0	0	0	0
37744000	0	0	0	0	0	0	0	0	0	0	0	0
37748000	0	0	0	0	0	0	0	0	0	0	0	0
37752000	0	0	0	0	0	0	0	0	0	0	0	0
37756000	0	0	0	0	0	0	0	0	0	0	0	0
37760000	0	0	0	0	0	0	0	0	0	0	0	0
37764000	0	0	0	0	0	0	0	0	0	0	0	0
37768000	0	0	0	0	0	0	0	0	0	0	0	0
37772000	0	0	0	0	0	0	0	0	0	0	0	0
37776000	0	0	0	0	0	0	0	0	0	0	0	0
37780000	0	0	0	0	0	0	0	0	0	0	0	0
37784000	0	0	0	0	0	0	0	0	0	0	0	0
37788000	0	0	0	0	0	0	0	0	0	0	0	0
37792000	0	0	0	0	0	0	0	0	0	0	0	0
37796000	0	0	0	0	0	0	0	0	0	0	0	0
37800000	0	0	0	0	0	0	0	0	0	0	0	0
37804000	0	0	0	0	0	0	0	0	0	0	0	0
37808000	0	0	0	0	0	0	0	0	0	0	0	0
37812000	0	0	0	0	0	0	0	0	0	0	0	0
37816000	0	0	0	0	0	0	0	0	0	0	0	0
37820000	0	0	0	0	0	0	0	0	0	0	0	0
37824000	0	0	0	0	0	0	0	0	0	0	0	0
37828000	0	0	0	0	0	0	0	0	0	0	0	0
37833000	0	0	0	0	0	0	0	0	0	0	0	0
37836000	0	0	0	0	0	0	0	0	0	0	0	0
37840000	0	0	0	0	0	0	0	0	0	0	0	0
37844000	0	0	0	0	0	0	0	0	0	0	0	0
37848000	0	0	0	0	0	0	0	0	0	0	0	0
37852000	0	0	0	0	0	0	0	0	0	0	0	0
37856000	0	0	0	0	0	0	0	0	0	0	0	0
37860000	0	0	0	0	0	0	0	0	0	0	0	0
37864000	0	0	0	0	0	0	0	0	0	0	0	0
37868000	0	0	0	0	0	0	0	0	0	0	0	0
37872000	0	0	0	0	0	0	0	0	0	0	0	0
37876000	0	0	0	0	0	0	0	0	0	0	0	0
37880000	0	0	0	0	0	0	0	0	0	0	0	0
37884000	0	0	0	0	0	0	0	0	0	0	0	0
37888000	0	0	0	0	0	0	0	0	0	0	0	0
37892000	0	0	0	0	0	0	0	0	0	0	0	0
37896000	0	0	0	0	0	0	0	0	0	0	0	0
37900000	0	0	0	0	0	0	0	0	0	0	0	0
37904000	0	0	0	0	0	0	0	0	0	0	0	0
37908000	0	0	0	0	0	0	0	0	0	0	0	0
37912000	0	0	0	0	0	0	0	0	0	0	0	0
37916000	0	0	0	0	0	0	0	0	0	0	0	0
37920000	0	0	0	0	0	0	0	0	0	0	0	0
37924000	0	0	0	0	0	0	0	0	0	0	0	0
37928000	0	0	0	0	0	0	0	0	0	0	0	0
37932000	0	0	0	0	0	0	0	0	0	0	0	0
37936000	0	0	0	0	0	0	0	0	0	0	0	0
37940000	0	0	0	0	0	0	0	0	0	0	0	0
37944000	0	0	0	0	0	0	0	0	0	0	0	0
37948000	0	0	0	0	0	0	0	0	0	0	0	0
37952000	0	0	0	0	0	0	0	0	0	0	0	0
37956000	0	0	0	0	0	0	0	0	0	0	0	0
37960000	0	0	0	0	0	0	0	0	0	0	0	0
37964000	0	0	0	0	0	0	0	0	0	0	0	0
37968000	0	0	0	0	0	0	0	0	0	0	0	0
37972000	0	0	0	0	0	0	0	0	0	0	0	0
37976000	0	0	0	0	0	0	0	0	0	0	0	0
37981000	0	0	0	0	0	0	0	0	0	0	0	0
37984000	0	0	0	0	0	0	0	0	0	0	0	0
37988000	0	0	0	0	0	0	0	0	0	0	0	0
37992000	0	0	0	0	0	0	0	0	0	0	0	0
37996000	0	0	0	0	0	0	0	0	0	0	0	0
38000000	0	0	0	0	0	0	0	0	0	0	0	0
38004000	0	0	0	0	0	0	0	0	0	0	0	0
38008000	0	0	0	0	0	0	0	0	0	0	0	0
38012000	0	0	0	0	0	0	0	0	0	0	0	0
38016000	0	0	0	0	0	0	0	0	0	0	0	0
38020000	0	0	0	0	0	0	0	0	0	0	0	0
38024000	0	0	0	0	0	0	0	0	0	0	0	0
38028000	0	0	0	0	0	0	0	0	0	0	0	0
38032000	0	0	0	0	0	0	0	0	0	0	0	0
38036000	0	0	0	0	0	0	0	0	0	0	0	0
38040000	0	0	0	0	0	0	0	0	0	0	0	0
38044000	0	0	0	0	0	0	0	0	0	0	0	0
38048000	0	0	0	0	0	0	0	0	0	0	0	0
38052000	0	0	0	0	0	0	0	0	0	0	0	0
38056000	0	0	0	0	0	0	0	0	0	0	0	0
38060000	0	0	0	0	0	0	0	0	0	0	0	0
38064000	0	0	0	0	0	0	0	0	0	0	0	0
38068000	0	0	0	0	0	0	0	0	0	0	0	0
38072000	0	0	0	0	0	0	0	0	0	0	0	0
38076000	0	0	0	0	0	0	0	0	0	0	0	0
38080000	0	0	0	0	0	0	0	0	0	0	0	0
38084000	0	0	0	0	0	0	0	0	0	0	0	0
38088000	0	0	0	0	0	0	0	0	0	0	0	0
38092000	0	0	0	0	0	0	0	0	0	0	0	0
38096000	0	0	0	0	0	0	0	0	0	0	0	0
38100000	0	0	0	0	0	0	0	0	0	0	0	0
38104000	0	0	0	0	0	0	0	0	0	0	0	0
38108000	0	0	0	0	0	0	0	0	0	0	0	0
38112000	0	0	0	0	0	0	0	0	0	0	0	0
38116000	0	0	0	0	0	0	0	0	0	0	0	0
38120000	0	0	0	0	0	0	0	0	0	0	0	0
38124000	0	0	0	0	0	0	0	0	0	0	0	0
38128000	0	0	0	0	0	0	0	0	0	0	0	0
38132000	0	0	0	0	0	0	0	0	0	0	0	0
38136000	0	0	0	0	0	0	0	0	0	0	0	0
38140000	0	0	0	0	0	0	0	0	0	0	0	0
38144000	0	0	0	0	0	0	0	0	0	0	0	0
38148000	0	0	0	0	0	0	0	0	0	0	0	0
38152000	0	0	0	0	0	0	0	0	0	0	0	0
38156000	0	0	0	0	0	0	0	0	0	0	0	0
38160000	0	0	0	0	0	0	0	0	0	0	0	0
38164000	0	0	0	0	0	0	0	0	0	0	0	0
38168000	0	0	0	0	0	0	0	0	0	0	0	0
38172000	0	0	0	0	0	0	0	0	0	0	0	0
38176000	0	0	0	0	0	0	0	0	0	0	0	0
38180000	0	0	0	0	0	0	0	0	0	0	0	0
38184000	0	0	0	0	0	0	0	0	0	0	0	0
38188000	0	0	0	0	0	0	0	0	0	0	0	0
38192000	0	0	0	0	0	0	0	0	0	0	0	0
38196000	0	0	0	0	0	0	0	0	0	0	0	0
38200000	0	0	0	0	0	0	0	0	0	0	0	0
38204000	0	0	0	0	0	0	0	0	0	0	0	0
38208000	0	0	0	0	0	0	0	0	0	0	0	0
38212000	0	0	0	0	0	0	0	0	0	0	0	0
38216000	0	0	0	0	0	0	0	0	0	0	0	0
38220000	0	0	0	0	0	0	0	0	0	0	0	0
38224000	0	0	0	0	0	0	0	0	0	0	0	0
38228000	0	0	0	0	0	0	0	0	0	0	0	0
38232000	0	0	0	0	0	0	0	0	0	0	0	0
38236000	0	0	0	0	0	0	0	0	0	0	0	0
38241000	0	0	0	0	0	0	0	0	0	0	0	0
38244000	0	0	0	0	0	0	0	0	0	0	0	0
38248000	0	0	0	0	0	0	0	0	0	0	0	0
38252000	0	0	0	0	0	0	0	0	0	0	0	0
38257000	0	0	0	0	0	0	0	0	0	0	0	0
38260000	0	0	0	0	0	0	0	0	0	0	0	0
38264000	0	0	0	0	0	0	0	0	0	0	0	0
38268000	0	0	0	0	0	0	0	0	0	0	0	0
38273000	0	0	0	0	0	0	0	0	0	0	0	0
38276000	0	0	0	0	0	0	0	0	0	0	0	0
38280000	0	0	0	0	0	0	0	0	0	0	0	0
38284000	0	0	0	0	0	0	0	0	0	0	0	0
38288000	0	0	0	0	0	0	0	0	0	0	0	0
38292000	0	0	0	0	0	0	0	0	0	0	0	0
38296000	0	0	0	0	0	0	0	0	0	0	0	0
38300000	0	0	0	0	0	0	0	0	0	0	0	0
38304000	0	0	0	0	0	0	0	0	0	0	0	0
38308000	0	0	0	0	0	0	0	0	0	0	0	0
38312000	0	0	0	0	0	0	0	0	0	0	0	0
38316000	0	0	0	0	0	0	0	0	0	0	0	0
38320000	0	0	0	0	0	0	0	0	0	0	0	0
38324000	0	0	0	0	0	0	0	0	0	0	0	0
38328000	0	0	0	0	0	0	0	0	0	0	0	0
38332000	0	0	0	0	0	0	0	0	0	0	0	0
38336000	0	0	0	0	0	0	0	0	0	0	0	0
38342000	0	0	0	0	0	0	0	0	0	0	0	0
38348000	0	0	0	0	0	0	0	0	0	0	0	0
38352000	0	0	0	0	0	0	0	0	0	0	0	0
38357000	0	0	0	0	0	0	0	0	0	0	0	0
38360000	0	0	0	0	0	0	0	0	0	0	0	0
38364000	0	0	0	0	0	0	0	0	0	0	0	0
38368000	0	0	0	0	0	0	0	0	0	0	0	0
38372000	0	0	0	0	0	0	0	0	0	0	0	0
38376000	0	0	0	0	0	0	0	0	0	0	0	0
38380000	0	0	0	0	0	0	0	0	0	0	0	0
38384000	0	0	0	0	0	0	0	0	0	0	0	0
38388000	0	0	0	0	0	0	0	0	0	0	0	0
38392000	0	0	0	0	0	0	0	0	0	0	0	0
38396000	0	0	0	0	0	0	0	0	0	0	0	0
38400000	0	0	0	0	0	0	0	0	0	0	0	0
38404000	0	0	0	0	0	0	0	0	0	0	0	0
38408000	0	0	0	0	0	0	0	0	0	0	0	0
38412000	0	0	0	0	0	0	0	0	0	0	0	0
38416000	0	0	0	0	0	0	0	0	0	0	0	0
38420000	0	0	0	0	0	0	0	0	0	0	0	0
38427000	0	0	0	0	0	0	0	0	0	0	0	0
38432000	0	0	0	0	0	0	0	0	0	0	0	0
38436000	0	0	0	0	0	0	0	0	0	0	0	0
38440000	0	0	0	0	0	0	0	0	0	0	0	0
38444000	0	0	0	0	0	0	0	0	0	0	0	0
38450000	0	0	0	0	0	0	0	0	0	0	0	0
38456000	0	0	0	0	0	0	0	0	0	0	0	0
38460000	0	0	0	0	0	0	0	0	0	0	0	0
38464000	0	0	0	0	0	0	0	0	0	0	0	0
38468000	0	0	0	0	0	0	0	0	0	0	0	0
38472000	0	0	0	0	0	0	0	0	0	0	0	0
38476000	0	0	0	0	0	0	0	0	0	0	0	0
38480000	0	0	0	0	0	0	0	0	0	0	0	0
38484000	0	0	0	0	0	0	0	0	0	0	0	0
38488000	0	0	0	0	0	0	0	0	0	0	0	0
38496000	0	0	0	0	0	0	0	0	0	0	0	0
38500000	0	0	0	0	0	0	0	0	0	0	0	0
38504000	0	0	0	0	0	0	0	0	0	0	0	0
38508000	0	0	0	0	0	0	0	0	0	0	0	0
38512000	0	0	0	0	0	0	0	0	0	0	0	0
38516000	0	0	0	0	0	0	0	0	0	0	0	0
38520000	0	0	0	0	0	0	0	0	0	0	0	0
38524000	0	0	0	0	0	0	0	0	0	0	0	0
38528000	0	0	0	0	0	0	0	0	0	0	0	0
38532000	0	0	0	0	0	0	0	0	0	0	0	0
38537000	0	0	0	0	0	0	0	0	0	0	0	0
38540000	0	0	0	0	0	0	0	0	0	0	0	0
38544000	0	0	0	0	0	0	0	0	0	0	0	0
38550000	0	0	0	0	0	0	0	0	0	0	0	0
38556000	0	0	0	0	0	0	0	0	0	0	0	0
38560000	0	0	0	0	0	0	0	0	0	0	0	0
38565000	0	0	0	0	0	0	0	0	0	0	0	0
38568000	0	0	0	0	0	0	0	0	0	0	0	0
38572000	0	0	0	0	0	0	0	0	0	0	0	0
38576000	0	0	0	0	0	0	0	0	0	0	0	0
38580000	0	0	0	0	0	0	0	0	0	0	0	0
38584000	0	0	0	0	0	0	0	0	0	0	0	0
38588000	0	0	0	0	0	0	0	0	0	0	0	0
38592000	0	0	0	0	0	0	0	0	0	0	0	0
38596000	0	0	0	0	0	0	0	0	0	0	0	0
38601000	0	0	0	0	0	0	0	0	0	0	0	0
38604000	0	0	0	0	0	0	0	0	0	0	0	0
38608000	0	0	0	0	0	0	0	0	0	0	0	0
38612000	0	0	0	0	0	0	0	0	0	0	0	0
38616000	0	0	0	0	0	0	0	0	0	0	0	0
38620000	0	0	0	0	0	0	0	0	0	0	0	0
38624000	0	0	0	0	0	0	0	0	0	0	0	0
38628000	0	0	0	0	0	0	0	0	0	0	0	0
38632000	0	0	0	0	0	0	0	0	0	0	0	0
38636000	0	0	0	0	0	0	0	0	0	0	0	0
38640000	0	0	0	0	0	0	0	0	0	0	0	0
38644000	0	0	0	0	0	0	0	0	0	0	0	0
38648000	0	0	0	0	0	0	0	0	0	0	0	0
38652000	0	0	0	0	0	0	0	0	0	0	0	0
38656000	0	0	0	0	0	0	0	0	0	0	0	0
38660000	0	0	0	0	0	0	0	0	0	0	0	0
38664000	0	0	0	0	0	0	0	0	0	0	0	0
38668000	0	0	0	0	0	0	0	0	0	0	0	0
38672000	0	0	0	0	0	0	0	0	0	0	0	0
38676000	0	0	0	0	0	0	0	0	0	0	0	0
38681000	0	0	0	0	0	0	0	0	0	0	0	0
38684000	0	0	0	0	0	0	0	0	0	0	0	0
38688000	0	0	0	0	0	0	0	0	0	0	0	0
38692000	0	0	0	0	0	0	0	0	0	0	0	0
38700000	0	0	0	0	0	0	0	0	0	0	0	0
38708000	0	0	0	0	0	0	0	0	0	0	0	0
38712000	0	0	0	0	0	0	0	0	0	0	0	0
38716000	0	0	0	0	0	0	0	0	0	0	0	0
38723000	0	0	0	0	0	0	0	0	0	0	0	0
38728000	0	0	0	0	0	0	0	0	0	0	0	0
38732000	0	0	0	0	0	0	0	0	0	0	0	0
38736000	0	0	0	0	0	0	0	0	0	0	0	0
38740000	0	0	0	0	0	0	0	0	0	0	0	0
38745000	0	0	0	0	0	0	0	0	0	0	0	0
38748000	0	0	0	0	0	0	0	0	0	0	0	0
38752000	0	0	0	0	0	0	0	0	0	0	0	0
38756000	0	0	0	0	0	0	0	0	0	0	0	0
38760000	0	0	0	0	0	0	0	0	0	0	0	0
38766000	0	0	0	0	0	0	0	0	0	0	0	0
38772000	0	0	0	0	0	0	0	0	0	0	0	0
38776000	0	0	0	0	0	0	0	0	0	0	0	0
38780000	0	0	0	0	0	0	0	0	0	0	0	0
38784000	0	0	0	0	0	0	0	0	0	0	0	0
38788000	0	0	0	0	0	0	0	0	0	0	0	0
38792000	0	0	0	0	0	0	0	0	0	0	0	0
38796000	0	0	0	0	0	0	0	0	0	0	0	0
38800000	0	0	0	0	0	0	0	0	0	0	0	0
38820000	0	0	0	0	0	0	0	0	0	0	0	0
38824000	0	0	0	0	0	0	0	0	0	0	0	0
38828000	0	0	0	0	0	0	0	0	0	0	0	0
38832000	0	0	0	0	0	0	0	0	0	0	0	0
38836000	0	0	0	0	0	0	0	0	0	0	0	0
38840000	0	0	0	0	0	0	0	0	0	0	0	0
38844000	0	0	0	0	0	0	0	0	0	0	0	0
38848000	0	0	0	0	0	0	0	0	0	0	0	0
38852000	0	0	0	0	0	0	0	0	0	0	0	0
38856000	0	0	0	0	0	0	0	0	0	0	0	0
38860000	0	0	0	0	0	0	0	0	0	0	0	0
38864000	0	0	0	0	0	0	0	0	0	0	0	0
38868000	0	0	0	0	0	0	0	0	0	0	0	0
38872000	0	0	0	0	0	0	0	0	0	0	0	0
38876000	0	0	0	0	0	0	0	0	0	0	0	0
38880000	0	0	0	0	0	0	0	0	0	0	0	0
38884000	0	0	0	0	0	0	0	0	0	0	0	0
38888000	0	0	0	0	0	0	0	0	0	0	0	0
38892000	0	0	0	0	0	0	0	0	0	0	0	0
38896000	0	0	0	0	0	0	0	0	0	0	0	0
38900000	0	0	0	0	0	0	0	0	0	0	0	0
38904000	0	0	0	0	0	0	0	0	0	0	0	0
38908000	0	0	0	0	0	0	0	0	0	0	0	0
38912000	0	0	0	0	0	0	0	0	0	0	0	0
38916000	0	0	0	0	0	0	0	0	0	0	0	0
38920000	0	0	0	0	0	0	0	0	0	0	0	0
38924000	0	0	0	0	0	0	0	0	0	0	0	0
38928000	0	0	0	0	0	0	0	0	0	0	0	0
38932000	0	0	0	0	0	0	0	0	0	0	0	0
38936000	0	0	0	0	0	0	0	0	0	0	0	0
38940000	0	0	0	0	0	0	0	0	0	0	0	0
38944000	0	0	0	0	0	0	0	0	0	0	0	0
38948000	0	0	0	0	0	0	0	0	0	0	0	0
38952000	0	0	0	0	0	0	0	0	0	0	0	0
38956000	0	0	0	0	0	0	0	0	0	0	0	0
38960000	0	0	0	0	0	0	0	0	0	0	0	0
38964000	0	0	0	0	0	0	0	0	0	0	0	0
38968000	0	0	0	0	0	0	0	0	0	0	0	0
38972000	0	0	0	0	0	0	0	0	0	0	0	0
38976000	0	0	0	0	0	0	0	0	0	0	0	0
38980000	0	0	0	0	0	0	0	0	0	0	0	0
38984000	0	0	0	0	0	0	0	0	0	0	0	0
38988000	0	0	0	0	0	0	0	0	0	0	0	0
38992000	0	0	0	0	0	0	0	0	0	0	0	0
38996000	0	0	0	0	0	0	0	0	0	0	0	0
39000000	0	0	0	0	0	0	0	0	0	0	0	0
39004000	0	0	0	0	0	0	0	0	0	0	0	0
39017000	0	0	0	0	0	0	0	0	0	0	0	0
39020000	0	0	0	0	0	0	0	0	0	0	0	0
39024000	0	0	0	0	0	0	0	0	0	0	0	0
39028000	0	0	0	0	0	0	0	0	0	0	0	0
39032000	0	0	0	0	0	0	0	0	0	0	0	0
39036000	0	0	0	0	0	0	0	0	0	0	0	0
39040000	0	0	0	0	0	0	0	0	0	0	0	0
39044000	0	0	0	0	0	0	0	0	0	0	0	0
39048000	0	0	0	0	0	0	0	0	0	0	0	0
39052000	0	0	0	0	0	0	0	0	0	0	0	0
39057000	0	0	0	0	0	0	0	0	0	0	0	0
39060000	0	0	0	0	0	0	0	0	0	0	0	0
39064000	0	0	0	0	0	0	0	0	0	0	0	0
39068000	0	0	0	0	0	0	0	0	0	0	0	0
39073000	0	0	0	0	0	0	0	0	0	0	0	0
39076000	0	0	0	0	0	0	0	0	0	0	0	0
39080000	0	0	0	0	0	0	0	0	0	0	0	0
39084000	0	0	0	0	0	0	0	0	0	0	0	0
39089000	0	0	0	0	0	0	0	0	0	0	0	0
39092000	0	0	0	0	0	0	0	0	0	0	0	0
39096000	0	0	0	0	0	0	0	0	0	0	0	0
39100000	0	0	0	0	0	0	0	0	0	0	0	0
39104000	0	0	0	0	0	0	0	0	0	0	0	0
39111000	0	0	0	0	0	0	0	0	0	0	0	0
39116000	0	0	0	0	0	0	0	0	0	0	0	0
39120000	0	0	0	0	0	0	0	0	0	0	0	0
39124000	0	0	0	0	0	0	0	0	0	0	0	0
39129000	0	0	0	0	0	0	0	0	0	0	0	0
39140000	0	0	0	0	0	0	0	0	0	0	0	0
39144000	0	0	0	0	0	0	0	0	0	0	0	0
39148000	0	0	0	0	0	0	0	0	0	0	0	0
39152000	0	0	0	0	0	0	0	0	0	0	0	0
39158000	0	0	0	0	0	0	0	0	0	0	0	0
39164000	0	0	0	0	0	0	0	0	0	0	0	0
39168000	0	0	0	0	0	0	0	0	0	0	0	0
39172000	0	0	0	0	0	0	0	0	0	0	0	0
39179000	0	0	0	0	0	0	0	0	0	0	0	0
39184000	0	0	0	0	0	0	0	0	0	0	0	0
39188000	0	0	0	0	0	0	0	0	0	0	0	0
39193000	0	0	0	0	0	0	0	0	0	0	0	0
39199000	0	0	0	0	0	0	0	0	0	0	0	0
39204000	0	0	0	0	0	0	0	0	0	0	0	0
39208000	0	0	0	0	0	0	0	0	0	0	0	0
39212000	0	0	0	0	0	0	0	0	0	0	0	0
39221000	0	0	0	0	0	0	0	0	0	0	0	0
39224000	0	0	0	0	0	0	0	0	0	0	0	0
39228000	0	0	0	0	0	0	0	0	0	0	0	0
39232000	0	0	0	0	0	0	0	0	0	0	0	0
39240000	0	0	0	0	0	0	0	0	0	0	0	0
39244000	0	0	0	0	0	0	0	0	0	0	0	0
39248000	0	0	0	0	0	0	0	0	0	0	0	0
39252000	0	0	0	0	0	0	0	0	0	0	0	0
39256000	0	0	0	0	0	0	0	0	0	0	0	0
39260000	0	0	0	0	0	0	0	0	0	0	0	0
39264000	0	0	0	0	0	0	0	0	0	0	0	0
39268000	0	0	0	0	0	0	0	0	0	0	0	0
39272000	0	0	0	0	0	0	0	0	0	0	0	0
39276000	0	0	0	0	0	0	0	0	0	0	0	0
39280000	0	0	0	0	0	0	0	0	0	0	0	0
39284000	0	0	0	0	0	0	0	0	0	0	0	0
39289000	0	0	0	0	0	0	0	0	0	0	0	0
39292000	0	0	0	0	0	0	0	0	0	0	0	0
39296000	0	0	0	0	0	0	0	0	0	0	0	0
39300000	0	0	0	0	0	0	0	0	0	0	0	0
39305000	0	0	0	0	0	0	0	0	0	0	0	0
39308000	0	0	0	0	0	0	0	0	0	0	0	0
39312000	0	0	0	0	0	0	0	0	0	0	0	0
39316000	0	0	0	0	0	0	0	0	0	0	0	0
39320000	0	0	0	0	0	0	0	0	0	0	0	0
39324000	0	0	0	0	0	0	0	0	0	0	0	0
39328000	0	0	0	0	0	0	0	0	0	0	0	0
39332000	0	0	0	0	0	0	0	0	0	0	0	0
39336000	0	0	0	0	0	0	0	0	0	0	0	0
39340000	0	0	0	0	0	0	0	0	0	0	0	0
39344000	0	0	0	0	0	0	0	0	0	0	0	0
39348000	0	0	0	0	0	0	0	0	0	0	0	0
39352000	0	0	0	0	0	0	0	0	0	0	0	0
39356000	0	0	0	0	0	0	0	0	0	0	0	0
39360000	0	0	0	0	0	0	0	0	0	0	0	0
39364000	0	0	0	0	0	0	0	0	0	0	0	0
39368000	0	0	0	0	0	0	0	0	0	0	0	0
39372000	0	0	0	0	0	0	0	0	0	0	0	0
39376000	0	0	0	0	0	0	0	0	0	0	0	0
39380000	0	0	0	0	0	0	0	0	0	0	0	0
39384000	0	0	0	0	0	0	0	0	0	0	0	0
39388000	0	0	0	0	0	0	0	0	0	0	0	0
39392000	0	0	0	0	0	0	0	0	0	0	0	0
39396000	0	0	0	0	0	0	0	0	0	0	0	0
39400000	0	0	0	0	0	0	0	0	0	0	0	0
39404000	0	0	0	0	0	0	0	0	0	0	0	0
39408000	0	0	0	0	0	0	0	0	0	0	0	0
39412000	0	0	0	0	0	0	0	0	0	0	0	0
39420000	0	0	0	0	0	0	0	0	0	0	0	0
39426000	0	0	0	0	0	0	0	0	0	0	0	0
39432000	0	0	0	0	0	0	0	0	0	0	0	0
39436000	0	0	0	0	0	0	0	0	0	0	0	0
39440000	0	0	0	0	0	0	0	0	0	0	0	0
39444000	0	0	0	0	0	0	0	0	0	0	0	0
39448000	0	0	0	0	0	0	0	0	0	0	0	0
39452000	0	0	0	0	0	0	0	0	0	0	0	0
39456000	0	0	0	0	0	0	0	0	0	0	0	0
39460000	0	0	0	0	0	0	0	0	0	0	0	0
39464000	0	0	0	0	0	0	0	0	0	0	0	0
39468000	0	0	0	0	0	0	0	0	0	0	0	0
39474000	0	0	0	0	0	0	0	0	0	0	0	0
39480000	0	0	0	0	0	0	0	0	0	0	0	0
39484000	0	0	0	0	0	0	0	0	0	0	0	0
39488000	0	0	0	0	0	0	0	0	0	0	0	0
39492000	0	0	0	0	0	0	0	0	0	0	0	0
39496000	0	0	0	0	0	0	0	0	0	0	0	0
39500000	0	0	0	0	0	0	0	0	0	0	0	0
39504000	0	0	0	0	0	0	0	0	0	0	0	0
39508000	0	0	0	0	0	0	0	0	0	0	0	0
39512000	0	0	0	0	0	0	0	0	0	0	0	0
39516000	0	0	0	0	0	0	0	0	0	0	0	0
39520000	0	0	0	0	0	0	0	0	0	0	0	0
39524000	0	0	0	0	0	0	0	0	0	0	0	0
39528000	0	0	0	0	0	0	0	0	0	0	0	0
39532000	0	0	0	0	0	0	0	0	0	0	0	0
39536000	0	0	0	0	0	0	0	0	0	0	0	0
39545000	0	0	0	0	0	0	0	0	0	0	0	0
39548000	0	0	0	0	0	0	0	0	0	0	0	0
39552000	0	0	0	0	0	0	0	0	0	0	0	0
39556000	0	0	0	0	0	0	0	0	0	0	0	0
39560000	0	0	0	0	0	0	0	0	0	0	0	0
39564000	0	0	0	0	0	0	0	0	0	0	0	0
39568000	0	0	0	0	0	0	0	0	0	0	0	0
39573000	0	0	0	0	0	0	0	0	0	0	0	0
39576000	0	0	0	0	0	0	0	0	0	0	0	0
39580000	0	0	0	0	0	0	0	0	0	0	0	0
39584000	0	0	0	0	0	0	0	0	0	0	0	0
39589000	0	0	0	0	0	0	0	0	0	0	0	0
39592000	0	0	0	0	0	0	0	0	0	0	0	0
39596000	0	0	0	0	0	0	0	0	0	0	0	0
39600000	0	0	0	0	0	0	0	0	0	0	0	0
39605000	0	0	0	0	0	0	0	0	0	0	0	0
39608000	0	0	0	0	0	0	0	0	0	0	0	0
39612000	0	0	0	0	0	0	0	0	0	0	0	0
39616000	0	0	0	0	0	0	0	0	0	0	0	0
39620000	0	0	0	0	0	0	0	0	0	0	0	0
39624000	0	0	0	0	0	0	0	0	0	0	0	0
39628000	0	0	0	0	0	0	0	0	0	0	0	0
39632000	0	0	0	0	0	0	0	0	0	0	0	0
39636000	0	0	0	0	0	0	0	0	0	0	0	0
39640000	0	0	0	0	0	0	0	0	0	0	0	0
39644000	0	0	0	0	0	0	0	0	0	0	0	0
39648000	0	0	0	0	0	0	0	0	0	0	0	0
39652000	0	0	0	0	0	0	0	0	0	0	0	0
39656000	0	0	0	0	0	0	0	0	0	0	0	0
39660000	0	0	0	0	0	0	0	0	0	0	0	0
39664000	0	0	0	0	0	0	0	0	0	0	0	0
39668000	0	0	0	0	0	0	0	0	0	0	0	0
39672000	0	0	0	0	0	0	0	0	0	0	0	0
39676000	0	0	0	0	0	0	0	0	0	0	0	0
39680000	0	0	0	0	0	0	0	0	0	0	0	0
39684000	0	0	0	0	0	0	0	0	0	0	0	0
39688000	0	0	0	0	0	0	0	0	0	0	0	0
39692000	0	0	0	0	0	0	0	0	0	0	0	0
39696000	0	0	0	0	0	0	0	0	0	0	0	0
39700000	0	0	0	0	0	0	0	0	0	0	0	0
39704000	0	0	0	0	0	0	0	0	0	0	0	0
39708000	0	0	0	0	0	0	0	0	0	0	0	0
39712000	0	0	0	0	0	0	0	0	0	0	0	0
39716000	0	0	0	0	0	0	0	0	0	0	0	0
39720000	0	0	0	0	0	0	0	0	0	0	0	0
39724000	0	0	0	0	0	0	0	0	0	0	0	0
39728000	0	0	0	0	0	0	0	0	0	0	0	0
39732000	0	0	0	0	0	0	0	0	0	0	0	0
39737000	0	0	0	0	0	0	0	0	0	0	0	0
39740000	0	0	0	0	0	0	0	0	0	0	0	0
39744000	0	0	0	0	0	0	0	0	0	0	0	0
39748000	0	0	0	0	0	0	0	0	0	0	0	0
39753000	0	0	0	0	0	0	0	0	0	0	0	0
39756000	0	0	0	0	0	0	0	0	0	0	0	0
39760000	0	0	0	0	0	0	0	0	0	0	0	0
39764000	0	0	0	0	0	0	0	0	0	0	0	0
39768000	0	0	0	0	0	0	0	0	0	0	0	0
39772000	0	0	0	0	0	0	0	0	0	0	0	0
39776000	0	0	0	0	0	0	0	0	0	0	0	0
39780000	0	0	0	0	0	0	0	0	0	0	0	0
39785000	0	0	0	0	0	0	0	0	0	0	0	0
39788000	0	0	0	0	0	0	0	0	0	0	0	0
39792000	0	0	0	0	0	0	0	0	0	0	0	0
39796000	0	0	0	0	0	0	0	0	0	0	0	0
39801000	0	0	0	0	0	0	0	0	0	0	0	0
39804000	0	0	0	0	0	0	0	0	0	0	0	0
39808000	0	0	0	0	0	0	0	0	0	0	0	0
39812000	0	0	0	0	0	0	0	0	0	0	0	0
39817000	0	0	0	0	0	0	0	0	0	0	0	0
39820000	0	0	0	0	0	0	0	0	0	0	0	0
39824000	0	0	0	0	0	0	0	0	0	0	0	0
39828000	0	0	0	0	0	0	0	0	0	0	0	0
39832000	0	0	0	0	0	0	0	0	0	0	0	0
39836000	0	0	0	0	0	0	0	0	0	0	0	0
39840000	0	0	0	0	0	0	0	0	0	0	0	0
39844000	0	0	0	0	0	0	0	0	0	0	0	0
39848000	0	0	0	0	0	0	0	0	0	0	0	0
39852000	0	0	0	0	0	0	0	0	0	0	0	0
39856000	0	0	0	0	0	0	0	0	0	0	0	0
39860000	0	0	0	0	0	0	0	0	0	0	0	0
39864000	0	0	0	0	0	0	0	0	0	0	0	0
39868000	0	0	0	0	0	0	0	0	0	0	0	0
39872000	0	0	0	0	0	0	0	0	0	0	0	0
39876000	0	0	0	0	0	0	0	0	0	0	0	0
39880000	0	0	0	0	0	0	0	0	0	0	0	0
39884000	0	0	0	0	0	0	0	0	0	0	0	0
39888000	0	0	0	0	0	0	0	0	0	0	0	0
39892000	0	0	0	0	0	0	0	0	0	0	0	0
39896000	0	0	0	0	0	0	0	0	0	0	0	0
39900000	0	0	0	0	0	0	0	0	0	0	0	0
39904000	0	0	0	0	0	0	0	0	0	0	0	0
39908000	0	0	0	0	0	0	0	0	0	0	0	0
39912000	0	0	0	0	0	0	0	0	0	0	0	0
39916000	0	0	0	0	0	0	0	0	0	0	0	0
39920000	0	0	0	0	0	0	0	0	0	0	0	0
39924000	0	0	0	0	0	0	0	0	0	0	0	0
39928000	0	0	0	0	0	0	0	0	0	0	0	0
39932000	0	0	0	0	0	0	0	0	0	0	0	0
39936000	0	0	0	0	0	0	0	0	0	0	0	0
39940000	0	0	0	0	0	0	0	0	0	0	0	0
39944000	0	0	0	0	0	0	0	0	0	0	0	0
39948000	0	0	0	0	0	0	0	0	0	0	0	0
39952000	0	0	0	0	0	0	0	0	0	0	0	0
39956000	0	0	0	0	0	0	0	0	0	0	0	0
39960000	0	0	0	0	0	0	0	0	0	0	0	0
39964000	0	0	0	0	0	0	0	0	0	0	0	0
39968000	0	0	0	0	0	0	0	0	0	0	0	0
39972000	0	0	0	0	0	0	0	0	0	0	0	0
39976000	0	0	0	0	0	0	0	0	0	0	0	0
39980000	0	0	0	0	0	0	0	0	0	0	0	0
39984000	0	0	0	0	0	0	0	0	0	0	0	0
39988000	0	0	0	0	0	0	0	0	0	0	0	0
39992000	0	0	0	0	0	0	0	0	0	0	0	0
39996000	0	0	0	0	0	0	0	0	0	0	0	0
40000000	0	0	0	0	0	0	0	0	0	0	0	0
40004000	0	0	0	0	0	0	0	0	0	0	0	0
40008000	0	0	0	0	0	0	0	0	0	0	0	0
40012000	0	0	0	0	0	0	0	0	0	0	0	0
40016000	0	0	0	0	0	0	0	0	0	0	0	0
40020000	0	0	0	0	0	0	0	0	0	0	0	0
40024000	0	0	0	0	0	0	0	0	0	0	0	0
40028000	0	0	0	0	0	0	0	0	0	0	0	0
40032000	0	0	0	0	0	0	0	0	0	0	0	0
40036000	0	0	0	0	0	0	0	0	0	0	0	0
40040000	0	0	0	0	0	0	0	0	0	0	0	0
40045000	0	0	0	0	0	0	0	0	0	0	0	0
40048000	0	0	0	0	0	0	0	0	0	0	0	0
40052000	0	0	0	0	0	0	0	0	0	0	0	0
40056000	0	0	0	0	0	0	0	0	0	0	0	0
40061000	0	0	0	0	0	0	0	0	0	0	0	0
40064000	0	0	0	0	0	0	0	0	0	0	0	0
40068000	0	0	0	0	0	0	0	0	0	0	0	0
40072000	0	0	0	0	0	0	0	0	0	0	0	0
40077000	0	0	0	0	0	0	0	0	0	0	0	0
40080000	0	0	0	0	0	0	0	0	0	0	0	0
40084000	0	0	0	0	0	0	0	0	0	0	0	0
40088000	0	0	0	0	0	0	0	0	0	0	0	0
40093000	0	0	0	0	0	0	0	0	0	0	0	0
40096000	0	0	0	0	0	0	0	0	0	0	0	0
40100000	0	0	0	0	0	0	0	0	0	0	0	0
40104000	0	0	0	0	0	0	0	0	0	0	0	0
40109000	0	0	0	0	0	0	0	0	0	0	0	0
40112000	0	0	0	0	0	0	0	0	0	0	0	0
40116000	0	0	0	0	0	0	0	0	0	0	0	0
40120000	0	0	0	0	0	0	0	0	0	0	0	0
40125000	0	0	0	0	0	0	0	0	0	0	0	0
40128000	0	0	0	0	0	0	0	0	0	0	0	0
40132000	0	0	0	0	0	0	0	0	0	0	0	0
40136000	0	0	0	0	0	0	0	0	0	0	0	0
40140000	0	0	0	0	0	0	0	0	0	0	0	0
40144000	0	0	0	0	0	0	0	0	0	0	0	0
40148000	0	0	0	0	0	0	0	0	0	0	0	0
40152000	0	0	0	0	0	0	0	0	0	0	0	0
40156000	0	0	0	0	0	0	0	0	0	0	0	0
40160000	0	0	0	0	0	0	0	0	0	0	0	0
40164000	0	0	0	0	0	0	0	0	0	0	0	0
40168000	0	0	0	0	0	0	0	0	0	0	0	0
40172000	0	0	0	0	0	0	0	0	0	0	0	0
40176000	0	0	0	0	0	0	0	0	0	0	0	0
40180000	0	0	0	0	0	0	0	0	0	0	0	0
40184000	0	0	0	0	0	0	0	0	0	0	0	0
40188000	0	0	0	0	0	0	0	0	0	0	0	0
40192000	0	0	0	0	0	0	0	0	0	0	0	0
40196000	0	0	0	0	0	0	0	0	0	0	0	0
40200000	0	0	0	0	0	0	0	0	0	0	0	0
40204000	0	0	0	0	0	0	0	0	0	0	0	0
40208000	0	0	0	0	0	0	0	0	0	0	0	0
40212000	0	0	0	0	0	0	0	0	0	0	0	0
40216000	0	0	0	0	0	0	0	0	0	0	0	0
40222000	0	0	0	0	0	0	0	0	0	0	0	0
40228000	0	0	0	0	0	0	0	0	0	0	0	0
40232000	0	0	0	0	0	0	0	0	0	0	0	0
40238000	0	0	0	0	0	0	0	0	0	0	0	0
40244000	0	0	0	0	0	0	0	0	0	0	0	0
40248000	0	0	0	0	0	0	0	0	0	0	0	0
40252000	0	0	0	0	0	0	0	0	0	0	0	0
40256000	0	0	0	0	0	0	0	0	0	0	0	0
40260000	0	0	0	0	0	0	0	0	0	0	0	0
40264000	0	0	0	0	0	0	0	0	0	0	0	0
40268000	0	0	0	0	0	0	0	0	0	0	0	0
40272000	0	0	0	0	0	0	0	0	0	0	0	0
40276000	0	0	0	0	0	0	0	0	0	0	0	0
40280000	0	0	0	0	0	0	0	0	0	0	0	0
40284000	0	0	0	0	0	0	0	0	0	0	0	0
40288000	0	0	0	0	0	0	0	0	0	0	0	0
40292000	0	0	0	0	0	0	0	0	0	0	0	0
40296000	0	0	0	0	0	0	0	0	0	0	0	0
40300000	0	0	0	0	0	0	0	0	0	0	0	0
40304000	0	0	0	0	0	0	0	0	0	0	0	0
40308000	0	0	0	0	0	0	0	0	0	0	0	0
40312000	0	0	0	0	0	0	0	0	0	0	0	0
40316000	0	0	0	0	0	0	0	0	0	0	0	0
40320000	0	0	0	0	0	0	0	0	0	0	0	0
40324000	0	0	0	0	0	0	0	0	0	0	0	0
40328000	0	0	0	0	0	0	0	0	0	0	0	0
40332000	0	0	0	0	0	0	0	0	0	0	0	0
40336000	0	0	0	0	0	0	0	0	0	0	0	0
40340000	0	0	0	0	0	0	0	0	0	0	0	0
40344000	0	0	0	0	0	0	0	0	0	0	0	0
40348000	0	0	0	0	0	0	0	0	0	0	0	0
40352000	0	0	0	0	0	0	0	0	0	0	0	0
40356000	0	0	0	0	0	0	0	0	0	0	0	0
40360000	0	0	0	0	0	0	0	0	0	0	0	0
40364000	0	0	0	0	0	0	0	0	0	0	0	0
40368000	0	0	0	0	0	0	0	0	0	0	0	0
40372000	0	0	0	0	0	0	0	0	0	0	0	0
40376000	0	0	0	0	0	0	0	0	0	0	0	0
40380000	0	0	0	0	0	0	0	0	0	0	0	0
40384000	0	0	0	0	0	0	0	0	0	0	0	0
40388000	0	0	0	0	0	0	0	0	0	0	0	0
40392000	0	0	0	0	0	0	0	0	0	0	0	0
40396000	0	0	0	0	0	0	0	0	0	0	0	0
40401000	0	0	0	0	0	0	0	0	0	0	0	0
40404000	0	0	0	0	0	0	0	0	0	0	0	0
40408000	0	0	0	0	0	0	0	0	0	0	0	0
40412000	0	0	0	0	0	0	0	0	0	0	0	0
40416000	0	0	0	0	0	0	0	0	0	0	0	0
40420000	0	0	0	0	0	0	0	0	0	0	0	0
40424000	0	0	0	0	0	0	0	0	0	0	0	0
40428000	0	0	0	0	0	0	0	0	0	0	0	0
40432000	0	0	0	0	0	0	0	0	0	0	0	0
40437000	0	0	0	0	0	0	0	0	0	0	0	0
40440000	0	0	0	0	0	0	0	0	0	0	0	0
40444000	0	0	0	0	0	0	0	0	0	0	0	0
40448000	0	0	0	0	0	0	0	0	0	0	0	0
40452000	0	0	0	0	0	0	0	0	0	0	0	0
40456000	0	0	0	0	0	0	0	0	0	0	0	0
40460000	0	0	0	0	0	0	0	0	0	0	0	0
40464000	0	0	0	0	0	0	0	0	0	0	0	0
40468000	0	0	0	0	0	0	0	0	0	0	0	0
40472000	0	0	0	0	0	0	0	0	0	0	0	0
40476000	0	0	0	0	0	0	0	0	0	0	0	0
40480000	0	0	0	0	0	0	0	0	0	0	0	0
40486000	0	0	0	0	0	0	0	0	0	0	0	0
40492000	0	0	0	0	0	0	0	0	0	0	0	0
40496000	0	0	0	0	0	0	0	0	0	0	0	0
40500000	0	0	0	0	0	0	0	0	0	0	0	0
40506000	0	0	0	0	0	0	0	0	0	0	0	0
40512000	0	0	0	0	0	0	0	0	0	0	0	0
40516000	0	0	0	0	0	0	0	0	0	0	0	0
40520000	0	0	0	0	0	0	0	0	0	0	0	0
40527000	0	0	0	0	0	0	0	0	0	0	0	0
40532000	0	0	0	0	0	0	0	0	0	0	0	0
40536000	0	0	0	0	0	0	0	0	0	0	0	0
40540000	0	0	0	0	0	0	0	0	0	0	0	0
40544000	0	0	0	0	0	0	0	0	0	0	0	0
40549000	0	0	0	0	0	0	0	0	0	0	0	0
40552000	0	0	0	0	0	0	0	0	0	0	0	0
40556000	0	0	0	0	0	0	0	0	0	0	0	0
40560000	0	0	0	0	0	0	0	0	0	0	0	0
40564000	0	0	0	0	0	0	0	0	0	0	0	0
40568000	0	0	0	0	0	0	0	0	0	0	0	0
40572000	0	0	0	0	0	0	0	0	0	0	0	0
40576000	0	0	0	0	0	0	0	0	0	0	0	0
40580000	0	0	0	0	0	0	0	0	0	0	0	0
40585000	0	0	0	0	0	0	0	0	0	0	0	0
40588000	0	0	0	0	0	0	0	0	0	0	0	0
40592000	0	0	0	0	0	0	0	0	0	0	0	0
40596000	0	0	0	0	0	0	0	0	0	0	0	0
40600000	0	0	0	0	0	0	0	0	0	0	0	0
40604000	0	0	0	0	0	0	0	0	0	0	0	0
40608000	0	0	0	0	0	0	0	0	0	0	0	0
40612000	0	0	0	0	0	0	0	0	0	0	0	0
40616000	0	0	0	0	0	0	0	0	0	0	0	0
40620000	0	0	0	0	0	0	0	0	0	0	0	0
40624000	0	0	0	0	0	0	0	0	0	0	0	0
40628000	0	0	0	0	0	0	0	0	0	0	0	0
40632000	0	0	0	0	0	0	0	0	0	0	0	0
40636000	0	0	0	0	0	0	0	0	0	0	0	0
40640000	0	0	0	0	0	0	0	0	0	0	0	0
40644000	0	0	0	0	0	0	0	0	0	0	0	0
40649000	0	0	0	0	0	0	0	0	0	0	0	0
40652000	0	0	0	0	0	0	0	0	0	0	0	0
40656000	0	0	0	0	0	0	0	0	0	0	0	0
40660000	0	0	0	0	0	0	0	0	0	0	0	0
40668000	0	0	0	0	0	0	0	0	0	0	0	0
40672000	0	0	0	0	0	0	0	0	0	0	0	0
